0.999998, 0.00179625, 0.000497017, 0.000368731
-0.00179635, 0.999998, 0.000185987, 0.000222405
-0.000496687, -0.000186866, 1, -0.000386525
0, 0, 0, 1

1, -9.31323e-009, 0, 1.49012e-008
-7.45058e-009, 1, 0, 5.96046e-008
0, 0, 1, 0
0, 0, 0, 1

===

0.999991, 0.00395849, 0.001262, 0.00108721
-0.00395945, 0.999992, 0.000759977, 0.000199142
-0.00125897, -0.000764978, 0.999999, -0.000803528
0, 0, 0, 1

1, 0.00059611, -0.000576653, 0.000369832
-0.0005951, 0.999998, 0.00168484, -0.000397325
0.000577681, -0.00168443, 0.999998, 0.000195622
0, 0, 0, 1

===

0.999987, 0.00480748, 0.00187694, 0.00169029
-0.0048083, 0.999988, 0.000434038, -0.000102521
-0.00187483, -0.000443055, 0.999998, -0.00119164
0, 0, 0, 1

0.999999, 0.000890963, -0.000781838, 0.000686347
-0.000888174, 0.999993, 0.00358984, -0.000716627
0.000785019, -0.00358912, 0.999993, 0.00030148
0, 0, 0, 1

===

0.999986, 0.00470465, 0.00250952, 0.00193442
-0.0047039, 0.999989, -0.000307113, -0.000277891
-0.00251094, 0.000295318, 0.999997, -0.00144703
0, 0, 0, 1

0.999998, 0.00204192, -0.000272363, 0.00098145
-0.00204039, 0.999984, 0.00536287, -0.00109643
0.000283346, -0.0053623, 0.999986, 0.000326514
0, 0, 0, 1

===

0.999984, 0.00467403, 0.00329319, 0.00223148
-0.0046701, 0.999988, -0.001201, 0.00011922
-0.00329877, 0.00118561, 0.999994, -0.00177437
0, 0, 0, 1

0.999996, 0.00257647, -0.000711292, 0.00123377
-0.00257487, 0.999994, 0.00218835, -0.00140703
0.000716951, -0.00218654, 0.999997, 0.000302672
0, 0, 0, 1

===

0.999982, 0.00448673, 0.00399414, 0.00284627
-0.00448033, 0.999989, -0.00160878, -0.000216781
-0.00400131, 0.00159087, 0.999991, -0.00210833
0, 0, 0, 1

0.999994, 0.00317365, -0.0013954, 0.00150742
-0.00317267, 0.999995, 0.00065884, -0.0016486
0.00139749, -0.000654429, 0.999999, 0.00029099
0, 0, 0, 1

===

0.999977, 0.00482246, 0.00474232, 0.00290995
-0.00481063, 0.999985, -0.00250184, 0.000277451
-0.00475432, 0.00247896, 0.999986, -0.0023942
0, 0, 0, 1

0.999987, 0.0045157, -0.0022128, 0.00174797
-0.00450104, 0.999968, 0.00658369, -0.00179881
0.00224245, -0.00657365, 0.999976, 0.00032115
0, 0, 0, 1

===

0.999963, 0.00634787, 0.00578472, 0.00267928
-0.00633212, 0.999976, -0.0027374, 0.00110067
-0.00580197, 0.00270065, 0.999979, -0.00247888
0, 0, 0, 1

0.99997, 0.0071075, -0.00324658, 0.00221078
-0.00707187, 0.999916, 0.0108466, -0.00197989
0.00332343, -0.0108233, 0.999936, 0.000266433
0, 0, 0, 1

===

0.999944, 0.00807451, 0.00690564, 0.00288073
-0.00806125, 0.999966, -0.00194572, 0.00165764
-0.00692112, 0.00188993, 0.999974, -0.00260958
0, 0, 0, 1

0.999966, 0.00769018, -0.00288454, 0.00265223
-0.00765879, 0.999913, 0.0107209, -0.00215304
0.00296673, -0.0106984, 0.999938, 0.000166774
0, 0, 0, 1

===

0.999935, 0.00821407, 0.00791125, 0.00321512
-0.00820491, 0.999966, -0.00118993, 0.00158058
-0.00792075, 0.00112495, 0.999968, -0.00271326
0, 0, 0, 1

0.99997, 0.00718893, -0.00280073, 0.00311957
-0.00717214, 0.999957, 0.00593472, -0.00232798
0.00284332, -0.00591442, 0.999978, 0.000113606
0, 0, 0, 1

===

0.999937, 0.00727811, 0.00848788, 0.00352734
-0.00726491, 0.999972, -0.00158565, 0.00171777
-0.00849919, 0.00152389, 0.999963, -0.00288393
0, 0, 0, 1

0.999965, 0.00808375, -0.00237697, 0.00367677
-0.00807475, 0.999961, 0.00373453, -0.00272459
0.00240707, -0.00371519, 0.99999, 0.000140667
0, 0, 0, 1

===

0.999936, 0.00694123, 0.00889614, 0.004126
-0.00692672, 0.999975, -0.00166123, 0.00154322
-0.00890744, 0.00159952, 0.999959, -0.00323286
0, 0, 0, 1

0.999958, 0.00915354, -0.000407014, 0.00412092
-0.00915254, 0.999956, 0.00221506, -0.00314248
0.000427309, -0.00221121, 0.999997, 0.000165343
0, 0, 0, 1

===

0.999937, 0.00585307, 0.00953856, 0.00473124
-0.00583399, 0.999981, -0.00202761, 0.00136711
-0.00955024, 0.00197185, 0.999952, -0.00357382
0, 0, 0, 1

0.99995, 0.0099827, -0.000841834, 0.00463593
-0.00998078, 0.999948, 0.00215328, -0.00362712
0.000863314, -0.00214472, 0.999997, 0.000293374
0, 0, 0, 1

===

0.99993, 0.00535318, 0.0105117, 0.0051313
-0.00532145, 0.999981, -0.00304369, 0.00132681
-0.0105278, 0.00298752, 0.99994, -0.00385014
0, 0, 0, 1

0.999916, 0.0128837, -0.00164524, 0.00546271
-0.0128705, 0.999887, 0.00779089, -0.00444806
0.00174547, -0.00776905, 0.999968, 0.000560999
0, 0, 0, 1

===

0.999898, 0.0067853, 0.0125367, 0.00468684
-0.00673656, 0.99997, -0.00392662, 0.00245535
-0.012563, 0.00384178, 0.999914, -0.0041671
0, 0, 0, 1

0.999875, 0.0155775, -0.00262284, 0.00623792
-0.015557, 0.99985, 0.00762001, -0.00527185
0.00274116, -0.00757822, 0.999968, 0.000818253
0, 0, 0, 1

===

0.999855, 0.00823322, 0.0148814, 0.00516135
-0.00817948, 0.99996, -0.00366786, 0.00222096
-0.014911, 0.00354559, 0.999883, -0.00478213
0, 0, 0, 1

0.999874, 0.015188, -0.00460694, 0.00721778
-0.0152103, 0.999873, -0.00484595, -0.00628287
0.00453277, 0.00491542, 0.999978, 0.00092721
0, 0, 0, 1

===

0.999821, 0.00865542, 0.0168298, 0.00601867
-0.00858923, 0.999955, -0.00400163, 0.00162153
-0.0168637, 0.00385637, 0.99985, -0.00572943
0, 0, 0, 1

0.999834, 0.0179348, -0.00307454, 0.00877793
-0.0179337, 0.999839, 0.000368446, -0.00815159
0.00308067, -0.000313222, 0.999995, 0.00125086
0, 0, 0, 1

===

0.999796, 0.00817737, 0.0184624, 0.00675284
-0.00806587, 0.999949, -0.00610521, 0.00160933
-0.0185114, 0.00595504, 0.999811, -0.00684681
0, 0, 0, 1

0.999815, 0.019101, -0.00214302, 0.0100359
-0.0190815, 0.999779, 0.00876361, -0.00961024
0.00230993, -0.00872117, 0.999959, 0.0015012
0, 0, 0, 1

===

0.999774, 0.00763884, 0.0198609, 0.00756434
-0.00748143, 0.99994, -0.00798867, 0.0019426
-0.0199207, 0.00783829, 0.999771, -0.00808175
0, 0, 0, 1

0.999785, 0.0203863, -0.00372488, 0.0112031
-0.02037, 0.999783, 0.00436309, -0.0111246
0.00381301, -0.00428626, 0.999983, 0.00160742
0, 0, 0, 1

===

0.999723, 0.00842617, 0.0219596, 0.00823172
-0.00823081, 0.999926, -0.00897119, 0.00258301
-0.0220335, 0.00878796, 0.999719, -0.00945445
0, 0, 0, 1

0.999702, 0.0235142, -0.00655919, 0.0126506
-0.0235453, 0.999712, -0.00470015, -0.0133721
0.0064468, 0.00485322, 0.999967, 0.001688
0, 0, 0, 1

===

0.999657, 0.0100862, 0.0241809, 0.00926287
-0.00986619, 0.999909, -0.00919904, 0.00265147
-0.0242715, 0.0089573, 0.999665, -0.0110608
0, 0, 0, 1

0.999652, 0.0243599, -0.0101332, 0.0135843
-0.0244097, 0.999691, -0.00481614, -0.0153492
0.0100128, 0.00506184, 0.999937, 0.00198889
0, 0, 0, 1

===

0.999579, 0.0126914, 0.0260833, 0.0103163
-0.0124461, 0.999877, -0.00954742, 0.00191383
-0.0262012, 0.00921879, 0.999614, -0.0128469
0, 0, 0, 1

0.99962, 0.0244807, -0.0126448, 0.014329
-0.0245699, 0.999674, -0.00694713, -0.0175081
0.0124707, 0.0072552, 0.999896, 0.00215876
0, 0, 0, 1

===

0.999525, 0.0149053, 0.0269858, 0.01123
-0.0145873, 0.999822, -0.011941, 0.00210761
-0.027159, 0.0115417, 0.999565, -0.0149449
0, 0, 0, 1

0.999571, 0.0240796, -0.0166528, 0.0150249
-0.024109, 0.999708, -0.00156295, -0.0202417
0.0166103, 0.00196379, 0.99986, 0.00243521
0, 0, 0, 1

===

0.999473, 0.0181165, 0.0269227, 0.0117662
-0.0177473, 0.999746, -0.0138887, 0.00237899
-0.0271675, 0.0134036, 0.999541, -0.016966
0, 0, 0, 1

0.999519, 0.0227965, -0.0210461, 0.0152804
-0.0227874, 0.99974, 0.000670493, -0.0221549
0.021056, -0.000190616, 0.999778, 0.00246036
0, 0, 0, 1

===

0.99941, 0.0219424, 0.02642, 0.0121947
-0.0215687, 0.999664, -0.0143462, 0.00281763
-0.0267259, 0.0137679, 0.999548, -0.0190336
0, 0, 0, 1

0.999397, 0.0210023, -0.0276353, 0.0152545
-0.0212597, 0.999733, -0.00905561, -0.0242889
0.0274378, 0.00963765, 0.999577, 0.00175023
0, 0, 0, 1

===

0.999332, 0.0265499, 0.0251106, 0.0124549
-0.0262107, 0.999562, -0.0137401, 0.00294893
-0.0254644, 0.0130728, 0.99959, -0.0208312
0, 0, 0, 1

0.999273, 0.0199103, -0.0325109, 0.0150779
-0.0199292, 0.999802, -0.000259042, -0.0258386
0.0324993, 0.000906795, 0.999471, 0.00154662
0, 0, 0, 1

===

0.999205, 0.0324007, 0.0232384, 0.0132546
-0.032113, 0.999404, -0.0126466, 0.00333928
-0.0236343, 0.0118903, 0.99965, -0.0227157
0, 0, 0, 1

0.999137, 0.0174369, -0.0377099, 0.0148834
-0.0174087, 0.999848, 0.0010753, -0.0270402
0.0377229, -0.000417948, 0.999288, 0.00100482
0, 0, 0, 1

===

0.99905, 0.0379834, 0.0213456, 0.0135482
-0.0377704, 0.999233, -0.0102942, 0.00353332
-0.0217203, 0.0094782, 0.999719, -0.0243129
0, 0, 0, 1

0.998791, 0.0148663, -0.0468651, 0.0144192
-0.0146138, 0.999877, 0.00572568, -0.028811
0.0469445, -0.00503385, 0.998885, 0.000312924
0, 0, 0, 1

===

0.998856, 0.0438301, 0.0191098, 0.0137643
-0.0437015, 0.999019, -0.00709773, 0.00381564
-0.0194022, 0.00625447, 0.999792, -0.0258058
0, 0, 0, 1

0.998525, 0.013478, -0.052603, 0.0140413
-0.0131456, 0.999891, 0.00665882, -0.0301903
0.0526871, -0.00595751, 0.998593, -0.000303388
0, 0, 0, 1

===

0.998583, 0.05053, 0.016662, 0.0146799
-0.0504741, 0.998718, -0.00375738, 0.00345941
-0.0168305, 0.00291103, 0.999854, -0.0274654
0, 0, 0, 1

0.998279, 0.0112463, -0.057565, 0.0136898
-0.0107976, 0.999909, 0.00809819, -0.0316475
0.0576508, -0.00746262, 0.998309, -0.000936031
0, 0, 0, 1

===

0.998309, 0.0563978, 0.0140864, 0.0154728
-0.0563884, 0.998408, -0.00106407, 0.0030593
-0.014124, 0.000267958, 0.9999, -0.0292046
0, 0, 0, 1

0.997919, 0.00813487, -0.0639654, 0.0131288
-0.00706008, 0.99983, 0.0170106, -0.0338615
0.0640929, -0.0165237, 0.997807, -0.00154769
0, 0, 0, 1

===

0.998047, 0.0615042, 0.0108885, 0.0160358
-0.0615213, 0.998105, 0.001238, 0.0029221
-0.0107917, -0.00190545, 0.99994, -0.0310856
0, 0, 0, 1

0.997564, 0.00512518, -0.0695695, 0.0127229
-0.00390473, 0.999836, 0.0176678, -0.0356068
0.0696487, -0.0173531, 0.997421, -0.00226831
0, 0, 0, 1

===

0.997735, 0.0668561, 0.00743109, 0.016694
-0.0668836, 0.997755, 0.00351441, 0.00295027
-0.00717944, -0.00400347, 0.999966, -0.0330897
0, 0, 0, 1

0.997168, 0.000325028, -0.0752025, 0.0123421
0.000326108, 0.999963, 0.00864625, -0.0372052
0.0752025, -0.00864628, 0.997131, -0.00342023
0, 0, 0, 1

===

0.997392, 0.0721001, 0.00329191, 0.0170826
-0.072118, 0.99738, 0.0057126, 0.00272575
-0.00287141, -0.00593511, 0.999978, -0.035146
0, 0, 0, 1

0.9964, -0.00711381, -0.0844776, 0.0118159
0.00793669, 0.999924, 0.00940883, -0.0394912
0.0844043, -0.0100454, 0.996381, -0.00450718
0, 0, 0, 1

===

0.996974, 0.0776959, -0.00258298, 0.0180122
-0.077675, 0.996951, 0.0073829, 0.00235199
0.00314872, -0.00715993, 0.999969, -0.0373119
0, 0, 0, 1

0.995728, -0.0127942, -0.0914461, 0.0114485
0.0147257, 0.999682, 0.020479, -0.0414224
0.091155, -0.0217381, 0.995599, -0.00488579
0, 0, 0, 1

===

0.996307, 0.0854017, -0.00887538, 0.0188657
-0.0853154, 0.996307, 0.00968994, 0.00268084
0.00967014, -0.00889695, 0.999914, -0.0394484
0, 0, 0, 1

0.995099, -0.0172714, -0.0973647, 0.0109226
0.0199211, 0.999455, 0.0263074, -0.0433632
0.0968573, -0.0281181, 0.994901, -0.00555098
0, 0, 0, 1

===

0.995647, 0.0918941, -0.0155486, 0.0197375
-0.0917086, 0.99571, 0.0122499, 0.00283305
0.0166076, -0.0107706, 0.999804, -0.0417631
0, 0, 0, 1

0.994008, -0.0272522, -0.105852, 0.0101125
0.0289106, 0.999482, 0.0141647, -0.0456309
0.105411, -0.0171401, 0.994281, -0.00737154
0, 0, 0, 1

===

0.994947, 0.097758, -0.022888, 0.0209581
-0.0974254, 0.995126, 0.0152216, 0.00174136
0.0242645, -0.0129148, 0.999622, -0.0440457
0, 0, 0, 1

0.993096, -0.0351886, -0.1119, 0.0092613
0.0367398, 0.999255, 0.0118304, -0.047534
0.1114, -0.0158599, 0.993649, -0.00841904
0, 0, 0, 1

===

0.994147, 0.103265, -0.0317342, 0.0227232
-0.102773, 0.994563, 0.0167799, 0.000868896
0.0332945, -0.0134203, 0.999355, -0.0466579
0, 0, 0, 1

0.992028, -0.0438448, -0.118143, 0.00821698
0.0453047, 0.998926, 0.00969791, -0.0493667
0.117591, -0.014973, 0.992949, -0.00936687
0, 0, 0, 1

===

0.993209, 0.108842, -0.0411104, 0.023645
-0.108201, 0.993975, 0.0174973, 0.000564475
0.0427672, -0.0129303, 0.999001, -0.0492153
0, 0, 0, 1

0.990594, -0.0547161, -0.12542, 0.00641565
0.0579835, 0.998063, 0.0225484, -0.0520288
0.123943, -0.0296085, 0.991848, -0.00961292
0, 0, 0, 1

===

0.99207, 0.114911, -0.05091, 0.0244155
-0.114085, 0.993292, 0.01885, 0.000103768
0.0527346, -0.0128924, 0.998525, -0.0515775
0, 0, 0, 1

0.989005, -0.0660202, -0.132331, 0.00493498
0.0681595, 0.997606, 0.0116974, -0.0535856
0.131242, -0.0205884, 0.991137, -0.0108352
0, 0, 0, 1

===

0.990895, 0.119713, -0.0616106, 0.0251453
-0.118638, 0.992719, 0.0208271, -0.000975714
0.0636553, -0.0133281, 0.997883, -0.0540286
0, 0, 0, 1

0.987129, -0.0773963, -0.139952, 0.00303596
0.0811508, 0.996474, 0.0213134, -0.0555462
0.137809, -0.0323964, 0.989929, -0.0106316
0, 0, 0, 1

===

0.989414, 0.124809, -0.0740424, 0.0261619
-0.123544, 0.992107, 0.0214517, -0.00263449
0.0761354, -0.0120771, 0.997024, -0.0564541
0, 0, 0, 1

0.98382, -0.0941477, -0.152431, 0.000227958
0.0976371, 0.9951, 0.0155535, -0.0574032
0.15022, -0.0301847, 0.988192, -0.0113275
0, 0, 0, 1

===

0.987309, 0.132242, -0.0879374, 0.0268838
-0.130839, 0.991169, 0.0215605, -0.00356382
0.0900121, -0.00978127, 0.995893, -0.0587163
0, 0, 0, 1

0.980578, -0.108495, -0.163388, -0.00205825
0.110449, 0.993878, 0.00289237, -0.0586168
0.162074, -0.0208821, 0.986558, -0.0122893
0, 0, 0, 1

===

0.984617, 0.140957, -0.10325, 0.0285463
-0.139226, 0.989974, 0.0238153, -0.00641515
0.105572, -0.00907382, 0.99437, -0.0608241
0, 0, 0, 1

0.976481, -0.124835, -0.175789, -0.00557381
0.127106, 0.991888, 0.00167233, -0.0603297
0.174154, -0.0239768, 0.984426, -0.0122428
0, 0, 0, 1

===

0.981193, 0.151762, -0.119286, 0.0311609
-0.149753, 0.98839, 0.0256857, -0.00920549
0.121799, -0.00733922, 0.992528, -0.0629693
0, 0, 0, 1

0.973559, -0.136979, -0.182809, -0.00830388
0.139679, 0.990195, 0.00191495, -0.0616767
0.180754, -0.0273989, 0.983147, -0.0121491
0, 0, 0, 1

===

0.977865, 0.160113, -0.134701, 0.0330701
-0.157744, 0.987079, 0.0281467, -0.0121296
0.137467, -0.00627541, 0.990487, -0.0649003
0, 0, 0, 1

0.970215, -0.150199, -0.190059, -0.0110357
0.151895, 0.98838, -0.00569835, -0.0627047
0.188707, -0.0233404, 0.981756, -0.0124124
0, 0, 0, 1

===

0.974698, 0.165708, -0.150016, 0.0329147
-0.163204, 0.986168, 0.0289389, -0.0128345
0.152736, -0.0037235, 0.98826, -0.0665206
0, 0, 0, 1

0.96514, -0.167277, -0.201306, -0.0147501
0.169902, 0.985452, -0.00429329, -0.0642224
0.199096, -0.0300586, 0.979519, -0.0117601
0, 0, 0, 1

===

0.971285, 0.170728, -0.165701, 0.0338071
-0.16803, 0.985317, 0.0302752, -0.0143154
0.168437, -0.00156323, 0.985711, -0.0683728
0, 0, 0, 1

0.960867, -0.180609, -0.210038, -0.0173987
0.183145, 0.983057, -0.00748301, -0.0650939
0.207831, -0.0312771, 0.977665, -0.0114924
0, 0, 0, 1

===

0.967436, 0.17679, -0.181144, 0.0336316
-0.174025, 0.984248, 0.0311768, -0.0155932
0.183803, 0.00136197, 0.982962, -0.0694876
0, 0, 0, 1

0.956627, -0.194024, -0.217299, -0.0199809
0.194561, 0.980704, -0.0191324, -0.0657551
0.216818, -0.0239754, 0.975918, -0.0118808
0, 0, 0, 1

===

0.963197, 0.183377, -0.196532, 0.034204
-0.180582, 0.983033, 0.0322068, -0.0172571
0.199103, 0.00446863, 0.979968, -0.0707669
0, 0, 0, 1

0.951027, -0.210359, -0.226488, -0.0234735
0.209801, 0.977376, -0.0268154, -0.0667345
0.227005, -0.0220151, 0.973645, -0.0116349
0, 0, 0, 1

===

0.959029, 0.18804, -0.211908, 0.0347295
-0.185323, 0.98213, 0.0327934, -0.0182791
0.214288, 0.00782167, 0.976739, -0.0716944
0, 0, 0, 1

0.946061, -0.223312, -0.234734, -0.0260335
0.220775, 0.974608, -0.0373836, -0.067286
0.237122, -0.0164561, 0.971341, -0.0116687
0, 0, 0, 1

===

0.954669, 0.192984, -0.226638, 0.0354668
-0.190465, 0.981134, 0.0331479, -0.0201231
0.228759, 0.0115214, 0.973415, -0.0725782
0, 0, 0, 1

0.941369, -0.236, -0.241099, -0.028624
0.233629, 0.971551, -0.0387979, -0.0678975
0.243396, -0.0198047, 0.969725, -0.0108589
0, 0, 0, 1

===

0.949961, 0.198432, -0.241244, 0.0358874
-0.196163, 0.979994, 0.033638, -0.0216155
0.243092, 0.0153684, 0.969881, -0.0733186
0, 0, 0, 1

0.934953, -0.252249, -0.249465, -0.0320376
0.250156, 0.967354, -0.0406089, -0.0685433
0.251564, -0.0244376, 0.967532, -0.00974846
0, 0, 0, 1

===

0.945068, 0.20358, -0.255737, 0.0358409
-0.201568, 0.978872, 0.0343433, -0.0237014
0.257326, 0.0190917, 0.966136, -0.0736766
0, 0, 0, 1

0.929988, -0.26413, -0.255651, -0.0346599
0.262254, 0.964082, -0.0420502, -0.0690258
0.257575, -0.0279392, 0.965855, -0.00889063
0, 0, 0, 1

===

0.939775, 0.208946, -0.270487, 0.0376318
-0.20718, 0.977662, 0.0354028, -0.0268404
0.271843, 0.022769, 0.962072, -0.0739007
0, 0, 0, 1

0.925079, -0.276108, -0.260755, -0.0372395
0.271441, 0.960911, -0.0544969, -0.0692391
0.265609, -0.0203657, 0.963866, -0.00895345
0, 0, 0, 1

===

0.934777, 0.213963, -0.283571, 0.0362425
-0.213004, 0.976439, 0.0345945, -0.0280893
0.284292, 0.0280637, 0.958327, -0.0739207
0, 0, 0, 1

0.918473, -0.292058, -0.266663, -0.0406069
0.287518, 0.956088, -0.0568326, -0.0694889
0.271552, -0.0244712, 0.962113, -0.00785124
0, 0, 0, 1

===

0.929741, 0.218077, -0.296687, 0.0352922
-0.217799, 0.975386, 0.0344209, -0.0298756
0.296891, 0.0326158, 0.954354, -0.0737947
0, 0, 0, 1

0.913518, -0.303583, -0.270782, -0.0432223
0.297943, 0.952519, -0.0627543, -0.069537
0.276976, -0.0233503, 0.960593, -0.00744212
0, 0, 0, 1

===

0.92477, 0.221997, -0.30906, 0.0331622
-0.222575, 0.974327, 0.033867, -0.0302337
0.308644, 0.0374698, 0.950439, -0.0737177
0, 0, 0, 1

0.908425, -0.316346, -0.273293, -0.045683
0.308967, 0.948431, -0.0708379, -0.0695017
0.281609, -0.0200875, 0.959319, -0.00715053
0, 0, 0, 1

===

0.919599, 0.223749, -0.322914, 0.03118
-0.225608, 0.973686, 0.032183, -0.0298496
0.321618, 0.0432566, 0.945881, -0.0733879
0, 0, 0, 1

0.90198, -0.330668, -0.277653, -0.0492056
0.322456, 0.943517, -0.076148, -0.0693753
0.28715, -0.0208468, 0.957659, -0.00642741
0, 0, 0, 1

===

0.913894, 0.226549, -0.336858, 0.0305714
-0.229403, 0.972809, 0.0318786, -0.0303035
0.334921, 0.0481426, 0.941016, -0.0729122
0, 0, 0, 1

0.897375, -0.341512, -0.279441, -0.05192
0.33398, 0.939535, -0.0757106, -0.0692921
0.288401, -0.025387, 0.957173, -0.00543249
0, 0, 0, 1

===

0.908339, 0.228127, -0.35054, 0.0303028
-0.232328, 0.972155, 0.0306444, -0.0302383
0.34777, 0.0536046, 0.936046, -0.0724656
0, 0, 0, 1

0.890554, -0.355795, -0.283416, -0.0556247
0.344342, 0.934419, -0.0910549, -0.0691028
0.297226, -0.0165028, 0.954665, -0.00555301
0, 0, 0, 1

===

0.902796, 0.230081, -0.363347, 0.0303598
-0.235601, 0.971395, 0.0297244, -0.0305353
0.359793, 0.0587699, 0.93118, -0.0719241
0, 0, 0, 1

0.885444, -0.366632, -0.285605, -0.0583815
0.356261, 0.930093, -0.0894691, -0.0691827
0.298441, -0.0225299, 0.954162, -0.00457609
0, 0, 0, 1

===

0.897176, 0.232036, -0.375812, 0.0301548
-0.239165, 0.970567, 0.028294, -0.0305267
0.371316, 0.0644963, 0.926264, -0.0713784
0, 0, 0, 1

0.880453, -0.376435, -0.288271, -0.0612812
0.3644, 0.926226, -0.0965309, -0.0691146
0.303342, -0.020055, 0.952671, -0.00449145
0, 0, 0, 1

===

0.891673, 0.23338, -0.387883, 0.0289064
-0.242381, 0.969824, 0.0263304, -0.0300323
0.382323, 0.0705373, 0.921332, -0.0708616
0, 0, 0, 1

0.873619, -0.389166, -0.292129, -0.065168
0.375488, 0.920975, -0.103991, -0.0691004
0.309513, -0.018842, 0.950708, -0.00441623
0, 0, 0, 1

===

0.886111, 0.235022, -0.399466, 0.0276921
-0.245626, 0.969035, 0.0252657, -0.029883
0.393034, 0.0757309, 0.9164, -0.0703171
0, 0, 0, 1

0.868371, -0.398559, -0.295099, -0.0680719
0.38523, 0.916861, -0.104712, -0.0691144
0.312298, -0.0227521, 0.949712, -0.0041765
0, 0, 0, 1

===

0.880835, 0.237172, -0.40973, 0.0258104
-0.249115, 0.968154, 0.0248693, -0.0298776
0.40258, 0.0801643, 0.911868, -0.0698236
0, 0, 0, 1

0.863683, -0.407474, -0.296676, -0.0710522
0.392557, 0.912988, -0.111144, -0.069074
0.31615, -0.0204686, 0.948489, -0.00433969
0, 0, 0, 1

===

0.875351, 0.238493, -0.420573, 0.023881
-0.251734, 0.967482, 0.0246852, -0.0297287
0.412784, 0.0842643, 0.906923, -0.0693205
0, 0, 0, 1

0.856242, -0.420121, -0.300582, -0.0750134
0.405346, 0.907126, -0.113209, -0.0692199
0.320227, -0.0249049, 0.947013, -0.00434506
0, 0, 0, 1

===

0.869833, 0.239968, -0.431053, 0.0225227
-0.254352, 0.96679, 0.0249518, -0.0297451
0.422725, 0.0879351, 0.901982, -0.0688565
0, 0, 0, 1

0.850649, -0.429059, -0.303817, -0.0781246
0.414294, 0.902842, -0.115048, -0.0692888
0.323661, -0.028004, 0.945759, -0.00443697
0, 0, 0, 1

===

0.864406, 0.239337, -0.442175, 0.0212988
-0.255094, 0.966605, 0.0245146, -0.0304734
0.433276, 0.0916058, 0.896594, -0.0682851
0, 0, 0, 1

0.845507, -0.437153, -0.306619, -0.0812596
0.420764, 0.899002, -0.121462, -0.069312
0.328749, -0.0263168, 0.944051, -0.0050391
0, 0, 0, 1

===

0.858444, 0.241702, -0.452388, 0.019737
-0.25858, 0.96566, 0.0252548, -0.030241
0.442957, 0.0952986, 0.891464, -0.0677153
0, 0, 0, 1

0.839247, -0.447123, -0.309427, -0.0853142
0.430262, 0.894024, -0.124883, -0.0694489
0.332473, -0.0283269, 0.942687, -0.00547707
0, 0, 0, 1

===

0.852997, 0.243684, -0.461534, 0.0172421
-0.261428, 0.964865, 0.0262707, -0.0302189
0.45172, 0.0982491, 0.886733, -0.0671752
0, 0, 0, 1

0.834448, -0.45501, -0.310907, -0.088164
0.438477, 0.889927, -0.125567, -0.0697016
0.333819, -0.0315461, 0.942109, -0.00570071
0, 0, 0, 1

===

0.847849, 0.244737, -0.470379, 0.014686
-0.263338, 0.964324, 0.0270742, -0.030637
0.460223, 0.100914, 0.882049, -0.0667436
0, 0, 0, 1

0.830287, -0.461701, -0.31218, -0.0911089
0.444039, 0.886509, -0.130125, -0.0698335
0.336829, -0.0305792, 0.941069, -0.00634646
0, 0, 0, 1

===

0.842799, 0.244887, -0.479292, 0.0129907
-0.264374, 0.964023, 0.0276711, -0.0308153
0.468825, 0.103391, 0.877219, -0.06627
0, 0, 0, 1

0.823541, -0.471572, -0.315279, -0.0948069
0.453157, 0.88124, -0.134403, -0.0702589
0.341217, -0.0321847, 0.939433, -0.00720811
0, 0, 0, 1

===

0.837908, 0.245206, -0.487632, 0.0110063
-0.265562, 0.963679, 0.0282664, -0.0308517
0.476852, 0.105812, 0.872591, -0.0660058
0, 0, 0, 1

0.819095, -0.477275, -0.318263, -0.0976447
0.459763, 0.877971, -0.133361, -0.0704287
0.343076, -0.0370904, 0.938575, -0.00763369
0, 0, 0, 1

===

0.832986, 0.246369, -0.495415, 0.00896118
-0.267561, 0.963102, 0.0290753, -0.0305107
0.484298, 0.108334, 0.86817, -0.0657657
0, 0, 0, 1

0.814875, -0.483738, -0.319339, -0.10032
0.466299, 0.874332, -0.134566, -0.0706336
0.344303, -0.039253, 0.938038, -0.00820494
0, 0, 0, 1

===

0.827118, 0.245117, -0.505761, 0.0122466
-0.267975, 0.963005, 0.028476, -0.0295996
0.49403, 0.111978, 0.862204, -0.064734
0, 0, 0, 1

0.809494, -0.491873, -0.320593, -0.103694
0.47487, 0.869613, -0.135172, -0.0709295
0.345279, -0.0428188, 0.937523, -0.00897586
0, 0, 0, 1

===

0.822432, 0.246159, -0.512847, 0.00931865
-0.269527, 0.962533, 0.029773, -0.0290792
0.500961, 0.11374, 0.857964, -0.0645262
0, 0, 0, 1

0.805985, -0.497181, -0.321247, -0.106172
0.479853, 0.866553, -0.137213, -0.0711114
0.346597, -0.0435597, 0.937002, -0.0097785
0, 0, 0, 1

===

0.817873, 0.24707, -0.519654, 0.00659846
-0.270629, 0.962167, 0.0315252, -0.028471
0.507783, 0.11485, 0.853795, -0.0644565
0, 0, 0, 1

0.802063, -0.502572, -0.322671, -0.108665
0.485007, 0.863369, -0.139147, -0.0714353
0.348516, -0.0448925, 0.936227, -0.0105556
0, 0, 0, 1

===

0.813748, 0.247464, -0.525904, 0.00477107
-0.271328, 0.961928, 0.0328, -0.0279399
0.513999, 0.116002, 0.849911, -0.0643495
0, 0, 0, 1

0.797128, -0.509888, -0.323422, -0.111792
0.490921, 0.859136, -0.144505, -0.0718331
0.351545, -0.0435858, 0.935156, -0.0118465
0, 0, 0, 1

===

0.809439, 0.248112, -0.532211, 0.00294088
-0.272713, 0.961513, 0.0334792, -0.0273009
0.520034, 0.118042, 0.84595, -0.0643376
0, 0, 0, 1

0.794142, -0.514553, -0.323378, -0.114111
0.496758, 0.856137, -0.142345, -0.07214
0.3501, -0.0475984, 0.935502, -0.0121851
0, 0, 0, 1

===

0.804972, 0.24912, -0.538479, 0.00161304
-0.274267, 0.961031, 0.0346057, -0.0262962
0.526116, 0.11983, 0.841928, -0.0643904
0, 0, 0, 1

0.789917, -0.520506, -0.324198, -0.117179
0.50174, 0.852558, -0.146295, -0.0723286
0.352545, -0.0471026, 0.934609, -0.0134507
0, 0, 0, 1

===

0.801019, 0.249142, -0.544332, 0.000388798
-0.274712, 0.96087, 0.0355373, -0.0254733
0.531886, 0.121068, 0.838117, -0.0644025
0, 0, 0, 1

0.787251, -0.524885, -0.323623, -0.119511
0.50606, 0.849829, -0.147288, -0.0725097
0.352334, -0.0478197, 0.934652, -0.0141076
0, 0, 0, 1

===

0.797226, 0.249277, -0.549811, -0.000345193
-0.275449, 0.960636, 0.0361375, -0.0240611
0.537176, 0.122635, 0.834507, -0.064406
0, 0, 0, 1

0.783994, -0.529481, -0.324042, -0.121803
0.509997, 0.846985, -0.150066, -0.072728
0.353915, -0.0476094, 0.934065, -0.0152122
0, 0, 0, 1

===

0.793397, 0.248297, -0.55576, -0.000488908
-0.275467, 0.960639, 0.0359312, -0.0221396
0.542806, 0.124586, 0.830566, -0.0643858
0, 0, 0, 1

0.780195, -0.534629, -0.324758, -0.124941
0.516275, 0.843487, -0.148288, -0.0729637
0.353209, -0.0519705, 0.9341, -0.0161282
0, 0, 0, 1

===

0.789706, 0.24855, -0.560881, -0.000800244
-0.276137, 0.960413, 0.0368072, -0.0209582
0.547826, 0.125813, 0.827078, -0.0642436
0, 0, 0, 1

0.777878, -0.537872, -0.324961, -0.127292
0.519358, 0.841389, -0.14944, -0.0729172
0.353798, -0.0525247, 0.933846, -0.0170841
0, 0, 0, 1

===

0.785921, 0.248711, -0.566103, -0.00103145
-0.276714, 0.960213, 0.0376955, -0.0197567
0.552954, 0.127023, 0.823472, -0.0640911
0, 0, 0, 1

0.775742, -0.540978, -0.32491, -0.129564
0.524039, 0.839099, -0.145932, -0.0729775
0.351578, -0.0570597, 0.934418, -0.0176553
0, 0, 0, 1

===

0.782586, 0.24911, -0.57053, -0.00141643
-0.277015, 0.960065, 0.0392153, -0.0182188
0.557515, 0.127356, 0.82034, -0.0638908
0, 0, 0, 1

0.773419, -0.545118, -0.323527, -0.132384
0.527283, 0.836529, -0.148971, -0.0728881
0.351846, -0.0553735, 0.934419, -0.0192041
0, 0, 0, 1

===

0.779812, 0.248486, -0.574585, -0.00231566
-0.276443, 0.960195, 0.0400669, -0.0171247
0.56167, 0.127595, 0.817463, -0.0637044
0, 0, 0, 1

0.77312, -0.546736, -0.321505, -0.134475
0.528537, 0.835562, -0.149948, -0.0724611
0.350619, -0.0539991, 0.93496, -0.0200913
0, 0, 0, 1

===

0.777681, 0.247084, -0.578067, -0.00317955
-0.275552, 0.960461, 0.039827, -0.0154491
0.565051, 0.128315, 0.815017, -0.0635239
0, 0, 0, 1

0.772535, -0.549134, -0.318812, -0.13622
0.532955, 0.833703, -0.144561, -0.0723552
0.345178, -0.0582342, 0.936729, -0.0204837
0, 0, 0, 1

===

0.776313, 0.245384, -0.580625, -0.00446644
-0.27383, 0.960946, 0.0399975, -0.0136321
0.567764, 0.127942, 0.813188, -0.063247
0, 0, 0, 1

0.773223, -0.550845, -0.314159, -0.138431
0.534449, 0.832725, -0.144683, -0.0717099
0.341306, -0.0560299, 0.938281, -0.0216275
0, 0, 0, 1

===

0.775429, 0.242704, -0.582928, -0.00573956
-0.270754, 0.961805, 0.0402855, -0.0129813
0.57044, 0.126592, 0.811525, -0.0628445
0, 0, 0, 1

0.773871, -0.552444, -0.309724, -0.139893
0.53638, 0.831719, -0.143319, -0.0711874
0.33678, -0.055219, 0.939963, -0.0222716
0, 0, 0, 1

===

0.775297, 0.238655, -0.584772, -0.00681186
-0.266979, 0.962912, 0.0390169, -0.0112701
0.572395, 0.125872, 0.810259, -0.0623931
0, 0, 0, 1

0.774642, -0.553217, -0.3064, -0.141286
0.537353, 0.83126, -0.142332, -0.0705809
0.333439, -0.0543885, 0.941202, -0.02323
0, 0, 0, 1

===

0.775624, 0.233707, -0.586335, -0.00811782
-0.262062, 0.964314, 0.0377022, -0.00954373
0.574222, 0.124413, 0.809191, -0.0620448
0, 0, 0, 1

0.775269, -0.55469, -0.302121, -0.142894
0.539804, 0.83022, -0.139091, -0.0698982
0.327979, -0.0552537, 0.943068, -0.0243661
0, 0, 0, 1

===

0.776113, 0.229884, -0.587199, -0.00953323
-0.257797, 0.965481, 0.0372434, -0.00927247
0.575491, 0.122473, 0.808585, -0.0614502
0, 0, 0, 1

0.776462, -0.554887, -0.298675, -0.144135
0.539732, 0.830233, -0.139294, -0.0690815
0.325262, -0.0530476, 0.944135, -0.0255158
0, 0, 0, 1

===

0.776696, 0.226166, -0.587871, -0.0109005
-0.253989, 0.966527, 0.0362717, -0.00781774
0.576397, 0.121141, 0.808141, -0.0609333
0, 0, 0, 1

0.778189, -0.554535, -0.294808, -0.145218
0.540388, 0.830419, -0.135589, -0.0681819
0.320003, -0.0537972, 0.945888, -0.0263177
0, 0, 0, 1

===

0.777663, 0.222335, -0.588054, -0.0126064
-0.249629, 0.967681, 0.0357496, -0.00653037
0.576997, 0.118994, 0.808032, -0.0604066
0, 0, 0, 1

0.780627, -0.553674, -0.289942, -0.146422
0.540436, 0.830994, -0.131824, -0.0669149
0.313928, -0.0537898, 0.947922, -0.0275515
0, 0, 0, 1

===

0.778948, 0.218619, -0.587746, -0.0141584
-0.244858, 0.968895, 0.0358781, -0.00489032
0.577308, 0.115967, 0.808249, -0.0598466
0, 0, 0, 1

0.782761, -0.552313, -0.286769, -0.147324
0.540012, 0.831849, -0.128119, -0.0658339
0.30931, -0.0545726, 0.949394, -0.0284083
0, 0, 0, 1

===

0.780889, 0.214735, -0.586601, -0.0157658
-0.239921, 0.970134, 0.0357493, -0.00433484
0.576759, 0.112821, 0.809086, -0.059006
0, 0, 0, 1

0.785983, -0.550049, -0.28227, -0.148134
0.537545, 0.833541, -0.127494, -0.0642369
0.305412, -0.0515248, 0.950825, -0.0299166
0, 0, 0, 1

===

0.783027, 0.211598, -0.584888, -0.0173755
-0.235583, 0.971189, 0.035962, -0.00333875
0.575646, 0.10963, 0.810316, -0.0583372
0, 0, 0, 1

0.789018, -0.547672, -0.278398, -0.148584
0.535842, 0.835128, -0.124235, -0.0629418
0.300538, -0.0511533, 0.952397, -0.0307182
0, 0, 0, 1

===

0.785136, 0.208454, -0.583188, -0.0184759
-0.231387, 0.972196, 0.0359886, -0.00202103
0.574475, 0.106686, 0.81154, -0.0576252
0, 0, 0, 1

0.7924, -0.545458, -0.273089, -0.148755
0.53469, 0.836563, -0.119452, -0.0617685
0.293612, -0.0513639, 0.954544, -0.0311959
0, 0, 0, 1

===

0.787826, 0.204776, -0.580859, -0.0197897
-0.226523, 0.973344, 0.035907, -0.000845907
0.572728, 0.103289, 0.813212, -0.0568803
0, 0, 0, 1

0.79597, -0.542731, -0.268096, -0.148637
0.533073, 0.838303, -0.114374, -0.0604026
0.28682, -0.0518764, 0.956579, -0.0320909
0, 0, 0, 1

===

0.791014, 0.200565, -0.577989, -0.0214358
-0.220854, 0.974644, 0.0359531, -0.00022923
0.570544, 0.0992118, 0.815252, -0.056085
0, 0, 0, 1

0.800372, -0.538684, -0.263103, -0.148459
0.528955, 0.841096, -0.112977, -0.0589756
0.282154, -0.0487464, 0.95813, -0.0326473
0, 0, 0, 1

===

0.794168, 0.196447, -0.57507, -0.0222916
-0.21574, 0.975809, 0.0354057, 0.000577595
0.568114, 0.0959475, 0.817338, -0.0553145
0, 0, 0, 1

0.803829, -0.535711, -0.258597, -0.147958
0.527475, 0.842871, -0.106479, -0.0579726
0.275005, -0.0508127, 0.960099, -0.0328412
0, 0, 0, 1

===

0.797972, 0.19216, -0.571241, -0.0234991
-0.210752, 0.97694, 0.0342318, 0.00182187
0.564646, 0.0930743, 0.820069, -0.0547307
0, 0, 0, 1

0.809914, -0.529542, -0.252239, -0.146989
0.522039, 0.846846, -0.101626, -0.0561746
0.267423, -0.0493697, 0.962314, -0.033132
0, 0, 0, 1

===

0.802233, 0.187612, -0.566766, -0.0248641
-0.204973, 0.978188, 0.0336706, 0.00213237
0.560721, 0.0891601, 0.82319, -0.0540476
0, 0, 0, 1

0.814818, -0.52406, -0.247857, -0.146014
0.516627, 0.850392, -0.0996517, -0.0545455
0.262999, -0.0468515, 0.963658, -0.0335014
0, 0, 0, 1

===

0.8068, 0.183724, -0.561533, -0.0261912
-0.199688, 0.979287, 0.0334981, 0.00202841
0.556056, 0.0851047, 0.826776, -0.0532969
0, 0, 0, 1

0.818952, -0.51941, -0.243991, -0.144774
0.512703, 0.853238, -0.0955015, -0.053226
0.257787, -0.046884, 0.965064, -0.0336441
0, 0, 0, 1

===

0.811817, 0.180219, -0.555404, -0.0278067
-0.194803, 0.980275, 0.0333447, 0.00306423
0.550459, 0.0811245, 0.830912, -0.0527629
0, 0, 0, 1

0.825634, -0.510717, -0.239785, -0.142851
0.504812, 0.858492, -0.090314, -0.0512865
0.251978, -0.0464803, 0.966616, -0.0338156
0, 0, 0, 1

===

0.81687, 0.176534, -0.549143, -0.0292615
-0.189595, 0.981293, 0.0334294, 0.00340517
0.544772, 0.0768072, 0.835059, -0.0521195
0, 0, 0, 1

0.829868, -0.505158, -0.236925, -0.141075
0.499909, 0.86176, -0.0863839, -0.0501922
0.24781, -0.0467539, 0.96768, -0.0337837
0, 0, 0, 1

===

0.822184, 0.174422, -0.541839, -0.0304678
-0.185677, 0.98201, 0.0343698, 0.00363189
0.538086, 0.072349, 0.839779, -0.0514617
0, 0, 0, 1

0.834465, -0.499387, -0.232982, -0.139094
0.494193, 0.865231, -0.0845473, -0.0491701
0.243805, -0.0445865, 0.968799, -0.033625
0, 0, 0, 1

===

0.827584, 0.17081, -0.534723, -0.0313261
-0.180977, 0.982904, 0.033879, 0.00301874
0.531368, 0.068735, 0.844348, -0.0507697
0, 0, 0, 1

0.841415, -0.489186, -0.229604, -0.136291
0.484752, 0.871043, -0.0793743, -0.0477211
0.238823, -0.044514, 0.970042, -0.0331187
0, 0, 0, 1

===

0.832822, 0.167542, -0.527576, -0.0316282
-0.176803, 0.983683, 0.0332892, 0.00286964
0.524545, 0.0655529, 0.848855, -0.0503116
0, 0, 0, 1

0.846471, -0.481898, -0.22641, -0.133926
0.477348, 0.875227, -0.078216, -0.0468287
0.235852, -0.0418685, 0.970887, -0.0328079
0, 0, 0, 1

===

0.838546, 0.165519, -0.51908, -0.0319924
-0.173482, 0.984264, 0.0336017, 0.00231898
0.516473, 0.0618744, 0.854065, -0.0498343
0, 0, 0, 1

0.85196, -0.473895, -0.222683, -0.13128
0.47017, 0.879554, -0.0729769, -0.046106
0.230445, -0.0425251, 0.972156, -0.0320702
0, 0, 0, 1

===

0.844313, 0.162224, -0.510704, -0.031245
-0.169932, 0.984939, 0.0319265, 0.00258801
0.508191, 0.0598289, 0.859164, -0.0496194
0, 0, 0, 1

0.859167, -0.462527, -0.218863, -0.127568
0.458321, 0.8858, -0.0727983, -0.0448468
0.22754, -0.0377637, 0.973036, -0.0316454
0, 0, 0, 1

===

0.850331, 0.158657, -0.501762, -0.0305262
-0.166102, 0.985647, 0.0301699, 0.00256407
0.499346, 0.0576892, 0.86448, -0.0494553
0, 0, 0, 1

0.86481, -0.453007, -0.216537, -0.124615
0.449336, 0.890707, -0.0688351, -0.0440871
0.224054, -0.0377688, 0.973844, -0.0311533
0, 0, 0, 1

===

0.857112, 0.155745, -0.491023, -0.0300543
-0.162735, 0.986251, 0.0287596, 0.00253749
0.48875, 0.0552565, 0.870672, -0.0492311
0, 0, 0, 1

0.870261, -0.444042, -0.213245, -0.121483
0.440757, 0.89524, -0.0654198, -0.0434137
0.219954, -0.0370566, 0.974806, -0.0304881
0, 0, 0, 1

===

0.863739, 0.152907, -0.480182, -0.03006
-0.159635, 0.986804, 0.0270857, 0.00277881
0.477987, 0.053259, 0.876751, -0.0492622
0, 0, 0, 1

0.877788, -0.431193, -0.208714, -0.117218
0.42837, 0.901545, -0.0609541, -0.0425635
0.214448, -0.0359022, 0.976075, -0.0295444
0, 0, 0, 1

===

0.870376, 0.151502, -0.4685, -0.0299004
-0.157479, 0.987162, 0.0266619, 0.00295572
0.466525, 0.0505732, 0.883061, -0.0492123
0, 0, 0, 1

0.882804, -0.422089, -0.206151, -0.113933
0.418057, 0.906095, -0.064959, -0.0419094
0.214211, -0.0288367, 0.976362, -0.0291988
0, 0, 0, 1

===

0.876661, 0.148492, -0.45762, -0.0291388
-0.154188, 0.987722, 0.0251253, 0.00338551
0.455732, 0.0485331, 0.888793, -0.0492668
0, 0, 0, 1

0.889817, -0.408912, -0.202526, -0.109587
0.40451, 0.912247, -0.0646286, -0.0412025
0.211181, -0.0244164, 0.977142, -0.0282744
0, 0, 0, 1

===

0.882806, 0.146272, -0.446383, -0.0282774
-0.151906, 0.988119, 0.0233681, 0.00319704
0.444498, 0.0471787, 0.894537, -0.0492443
0, 0, 0, 1

0.894775, -0.399097, -0.200247, -0.106309
0.39586, 0.916493, -0.0577519, -0.0409063
0.206574, -0.0275948, 0.978042, -0.0272155
0, 0, 0, 1

===

0.88917, 0.14351, -0.43449, -0.0281971
-0.149323, 0.988567, 0.0209352, 0.00358223
0.432527, 0.0462645, 0.900433, -0.0493273
0, 0, 0, 1

0.899828, -0.389107, -0.197246, -0.103033
0.385205, 0.920917, -0.0594029, -0.0403525
0.204761, -0.0225278, 0.978553, -0.0265549
0, 0, 0, 1

===

0.895314, 0.139571, -0.423004, -0.0275722
-0.145884, 0.989145, 0.017599, 0.00412284
0.420869, 0.0459529, 0.905957, -0.0494332
0, 0, 0, 1

0.906513, -0.37569, -0.192591, -0.0986913
0.3719, 0.926528, -0.0568845, -0.0397104
0.199812, -0.020058, 0.979629, -0.0253583
0, 0, 0, 1

===

0.901073, 0.13751, -0.41129, -0.0263874
-0.143805, 0.98948, 0.0157658, 0.00412547
0.409131, 0.0449396, 0.911368, -0.0493618
0, 0, 0, 1

0.911016, -0.366104, -0.189785, -0.0953305
0.362935, 0.930335, -0.0524815, -0.0394112
0.195778, -0.0210682, 0.980422, -0.0244316
0, 0, 0, 1

===

0.90685, 0.135189, -0.399183, -0.0254683
-0.14173, 0.989817, 0.0132367, 0.0053293
0.396907, 0.0445727, 0.916776, -0.0493922
0, 0, 0, 1

0.916063, -0.35504, -0.186481, -0.0920821
0.351525, 0.934692, -0.0527326, -0.0389025
0.193024, -0.0172464, 0.981042, -0.0237129
0, 0, 0, 1

===

0.912364, 0.133333, -0.387058, -0.0255114
-0.140002, 0.990089, 0.0110531, 0.00655038
0.384696, 0.0441046, 0.921989, -0.0494446
0, 0, 0, 1

0.92208, -0.341571, -0.18193, -0.0877659
0.337127, 0.939804, -0.0558037, -0.038401
0.190039, -0.00987789, 0.981727, -0.0228316
0, 0, 0, 1

===

0.917923, 0.131076, -0.374481, -0.0259118
-0.138073, 0.990388, 0.00821152, 0.0078319
0.371958, 0.0441684, 0.927198, -0.0492838
0, 0, 0, 1

0.926464, -0.331115, -0.178961, -0.0845723
0.327132, 0.943536, -0.052207, -0.0381826
0.186143, -0.010176, 0.98247, -0.0219129
0, 0, 0, 1

===

0.923197, 0.129084, -0.362001, -0.0259082
-0.136242, 0.990659, 0.00580055, 0.00806172
0.359368, 0.0439647, 0.93216, -0.0491629
0, 0, 0, 1

0.930782, -0.320104, -0.176572, -0.0812919
0.317465, 0.947259, -0.0437805, -0.0380646
0.181274, -0.0153055, 0.983314, -0.0208564
0, 0, 0, 1

===

0.928414, 0.126466, -0.349363, -0.0263294
-0.134008, 0.990977, 0.00260359, 0.00859471
0.34654, 0.0444004, 0.936984, -0.0489058
0, 0, 0, 1

0.936368, -0.30636, -0.171344, -0.0769582
0.302326, 0.951902, -0.0498227, -0.0374528
0.178366, -0.00514942, 0.983951, -0.0203518
0, 0, 0, 1

===

0.933662, 0.124158, -0.335948, -0.0271646
-0.132088, 0.991238, -0.000761302, 0.00985705
0.33291, 0.0450856, 0.94188, -0.0486869
0, 0, 0, 1

0.940146, -0.296279, -0.168357, -0.073614
0.2931, 0.955068, -0.0440114, -0.0373571
0.173832, -0.00796828, 0.984743, -0.01959
0, 0, 0, 1

===

0.938568, 0.122192, -0.322738, -0.0280725
-0.130279, 0.991471, -0.00348749, 0.0111676
0.319559, 0.0453192, 0.946482, -0.0483648
0, 0, 0, 1

0.944048, -0.285989, -0.164268, -0.0702812
0.282373, 0.958227, -0.045467, -0.0370607
0.17041, -0.00346181, 0.985367, -0.0191922
0, 0, 0, 1

===

0.943332, 0.12022, -0.309308, -0.0276068
-0.128365, 0.991709, -0.00603832, 0.0124901
0.306017, 0.0454004, 0.950943, -0.0479771
0, 0, 0, 1

0.949025, -0.272051, -0.159186, -0.0658547
0.269313, 0.962265, -0.0389538, -0.0368104
0.163776, -0.00590256, 0.98648, -0.0182879
0, 0, 0, 1

===

0.947648, 0.118427, -0.296543, -0.0272487
-0.126819, 0.991884, -0.00914949, 0.0148234
0.293053, 0.0462777, 0.954976, -0.0477284
0, 0, 0, 1

0.952465, -0.261639, -0.156065, -0.0626189
0.258169, 0.965166, -0.0424688, -0.0364447
0.16174, 0.000158876, 0.986833, -0.0180864
0, 0, 0, 1

===

0.951506, 0.117417, -0.284339, -0.0242344
-0.12543, 0.992051, -0.0100731, 0.0145681
0.280896, 0.0452493, 0.958671, -0.0471186
0, 0, 0, 1

0.955903, -0.251688, -0.151336, -0.0592887
0.248255, 0.967806, -0.0414833, -0.0362508
0.156905, 0.0020842, 0.987611, -0.0175679
0, 0, 0, 1

===

0.954986, 0.116522, -0.272808, -0.0203451
-0.124338, 0.992173, -0.0114792, 0.0153418
0.269336, 0.0448831, 0.962, -0.0469213
0, 0, 0, 1

0.960328, -0.238043, -0.145278, -0.0547634
0.235975, 0.971246, -0.0315616, -0.0362122
0.148614, -0.0039725, 0.988887, -0.0163676
0, 0, 0, 1

===

