0.999999, 0.00116132, -0.000514325, -0.00035442
-0.00116186, 0.999999, -0.00107761, -0.000543331
0.000513088, 0.0010782, 0.999999, -0.00038771
0, 0, 0, 1

1, 2.42144e-008, 2.23517e-008, -2.98023e-008
-3.1665e-008, 1, 2.98023e-008, 5.96046e-008
0, 2.98023e-008, 1, 1.19209e-007
0, 0, 0, 1

===

0.999997, 0.00193004, -0.0017989, -0.000634589
-0.00193384, 0.999996, -0.00212659, -0.000477954
0.0017948, 0.00213004, 0.999996, -0.00131331
0, 0, 0, 1

0.999997, -0.00172514, 0.00197534, -0.000163764
0.0017334, 0.99999, -0.00418863, -0.000787258
-0.0019681, 0.00419208, 0.999989, -0.000504017
0, 0, 0, 1

===

0.999993, 0.00221165, -0.00302431, -0.00057068
-0.00221819, 0.999995, -0.0021583, -1.92005e-005
0.00301952, 0.00216499, 0.999993, -0.00229677
0, 0, 0, 1

0.999994, -0.00105786, 0.00324415, -0.000141084
0.00105848, 0.999999, -0.000180513, -0.00118113
-0.00324397, 0.00018397, 0.999995, -0.00049448
0, 0, 0, 1

===

0.999995, 0.00124846, -0.00303323, -0.000286318
-0.00125575, 0.999996, -0.00239646, 0.000709402
0.00303021, 0.00240027, 0.999992, -0.00287919
0, 0, 0, 1

0.999991, -0.00161095, 0.00389814, -5.95152e-005
0.00161437, 0.999998, -0.000855535, -0.00153914
-0.00389671, 0.000861824, 0.999992, -0.000697613
0, 0, 0, 1

===

0.999996, 0.000495111, -0.0029336, -0.000516875
-0.000502176, 0.999997, -0.00240131, 0.000310693
0.0029324, 0.00240277, 0.999993, -0.00325382
0, 0, 0, 1

0.999999, -0.000807334, 0.001081, 0.000138044
0.000803666, 0.999994, 0.0034259, -0.00178158
-0.00108376, -0.003425, 0.999994, -0.000879884
0, 0, 0, 1

===

0.999995, 0.00124869, -0.00288188, -0.000280331
-0.00125485, 0.999997, -0.00214158, 0.000506138
0.0028792, 0.00214517, 0.999994, -0.00365826
0, 0, 0, 1

0.999987, -0.000670888, 0.00504611, -0.000117779
0.000690782, 0.999992, -0.00393477, -0.0018267
-0.00504343, 0.0039382, 0.99998, -0.000907898
0, 0, 0, 1

===

0.999996, 0.00109579, -0.00276628, -0.000123447
-0.00110217, 0.999997, -0.00229748, 0.000270599
0.00276375, 0.00230053, 0.999994, -0.00353869
0, 0, 0, 1

0.999992, -0.000235517, 0.00404837, 0.000652194
0.000231223, 0.999999, 0.00108138, -0.00183231
-0.0040486, -0.00108039, 0.999991, -0.00085032
0, 0, 0, 1

===

0.999998, 8.90389e-005, -0.00204302, 0.000403943
-9.40183e-005, 0.999997, -0.00245101, 0.00117676
0.0020428, 0.00245119, 0.999995, -0.00356015
0, 0, 0, 1

0.999991, 0.000995327, 0.00404378, 0.00101718
-0.00100222, 0.999998, 0.00172147, -0.00173393
-0.00404205, -0.00172549, 0.99999, -0.000622869
0, 0, 0, 1

===

0.999999, 0.000400733, -0.00119462, 0.000732595
-0.000403231, 0.999998, -0.00208813, 0.000688105
0.00119378, 0.00208861, 0.999997, -0.00317206
0, 0, 0, 1

0.99999, 0.0017776, 0.00418177, 0.00146073
-0.00178233, 0.999998, 0.00113723, -0.00168985
-0.00417974, -0.00114471, 0.999991, -0.000327229
0, 0, 0, 1

===

1, -0.000256285, -0.000257666, 0.00093894
0.000255691, 0.999997, -0.00232492, -0.000630183
0.000258255, 0.00232485, 0.999997, -0.00285749
0, 0, 0, 1

0.999983, 0.00374982, 0.00440022, 0.00215501
-0.00375713, 0.999992, 0.00167143, -0.00165778
-0.00439391, -0.00168791, 0.999989, 0.000175714
0, 0, 0, 1

===

0.999999, -0.00121927, 0.000570646, 0.00125784
0.00122083, 0.999995, -0.00276, -0.00127413
-0.000567283, 0.00276069, 0.999996, -0.00261382
0, 0, 0, 1

0.999979, 0.00355438, 0.00532446, 0.00240827
-0.0035599, 0.999993, 0.00103146, -0.00165966
-0.00532075, -0.00105035, 0.999985, 0.000741124
0, 0, 0, 1

===

0.999996, -0.00275672, 0.0010673, 0.00149055
0.00276067, 0.999989, -0.00371261, -0.00184473
-0.00105705, 0.00371554, 0.999993, -0.00248914
0, 0, 0, 1

0.999973, 0.00454825, 0.0057985, 0.0028083
-0.0045518, 0.99999, 0.000621706, -0.00159544
-0.00579563, -0.000648081, 0.999983, 0.00119686
0, 0, 0, 1

===

0.999994, -0.00280495, 0.0018996, 0.00148717
0.00281326, 0.999986, -0.00438836, -0.00258334
-0.00188726, 0.00439368, 0.999989, -0.00232296
0, 0, 0, 1

0.999952, 0.00501318, 0.0084337, 0.00331903
-0.0049956, 0.999985, -0.00210589, -0.00148401
-0.00844411, 0.00206366, 0.999962, 0.00179505
0, 0, 0, 1

===

0.999982, -0.00542933, 0.0024683, 0.00168733
0.00544242, 0.999971, -0.00532967, -0.00271797
-0.00243931, 0.005343, 0.999983, -0.00220109
0, 0, 0, 1

0.999914, 0.00516347, 0.0120661, 0.00345373
-0.00507668, 0.999961, -0.00720179, -0.00139919
-0.0121028, 0.00713989, 0.999901, 0.00208259
0, 0, 0, 1

===

0.999973, -0.00648925, 0.00334348, 0.00163722
0.00650636, 0.999966, -0.00512823, -0.0038234
-0.00331006, 0.00514986, 0.999981, -0.00184065
0, 0, 0, 1

0.999909, 0.00530575, 0.0124282, 0.00344312
-0.00520415, 0.999953, -0.00819042, -0.00140613
-0.012471, 0.00812507, 0.999889, 0.0022198
0, 0, 0, 1

===

0.999955, -0.00896734, 0.00322018, 0.00233885
0.00898629, 0.999942, -0.00592142, -0.00278792
-0.0031669, 0.00595009, 0.999977, -0.0019604
0, 0, 0, 1

0.999933, 0.00438573, 0.0107058, 0.00324005
-0.00428542, 0.999947, -0.00936919, -0.00157312
-0.0107463, 0.0093227, 0.999899, 0.00220549
0, 0, 0, 1

===

0.999971, -0.00720725, 0.00262353, 0.00231273
0.00722473, 0.999951, -0.00672017, -0.00300971
-0.00257499, 0.00673892, 0.999974, -0.00207512
0, 0, 0, 1

0.999966, 0.00452098, 0.00683749, 0.00321662
-0.00449413, 0.999982, -0.00391465, -0.00173098
-0.00685506, 0.00388381, 0.999969, 0.00213742
0, 0, 0, 1

===

0.999979, -0.00621937, 0.00198965, 0.00227431
0.00623221, 0.999959, -0.0065093, -0.00305801
-0.00194907, 0.00652156, 0.999977, -0.00222757
0, 0, 0, 1

0.999969, 0.00389348, 0.00687339, 0.00309074
-0.00386586, 0.999985, -0.00400549, -0.00187674
-0.00688886, 0.00397876, 0.999968, 0.00208652
0, 0, 0, 1

===

0.999986, -0.00506082, 0.0014001, 0.00240186
0.00507012, 0.999965, -0.00672502, -0.00286142
-0.00136602, 0.00673203, 0.999976, -0.00262081
0, 0, 0, 1

0.99996, 0.00314051, 0.0083313, 0.00293565
-0.0030677, 0.999957, -0.0087336, -0.00223172
-0.00835836, 0.00870767, 0.999927, 0.00218129
0, 0, 0, 1

===

0.999987, -0.00486548, 0.00143588, 0.00187868
0.00487504, 0.999965, -0.00673552, -0.00417576
-0.00140305, 0.00674243, 0.999976, -0.00262136
0, 0, 0, 1

0.999952, 0.00210961, 0.00958238, 0.00291371
-0.00202531, 0.999959, -0.00879425, -0.00244829
-0.00960052, 0.00877443, 0.999915, 0.00232184
0, 0, 0, 1

===

0.999987, -0.00508995, 0.000764809, 0.00158385
0.00509493, 0.999965, -0.00666488, -0.00490435
-0.000730863, 0.00666868, 0.999978, -0.00277018
0, 0, 0, 1

0.99997, 0.00296996, 0.00712581, 0.00288159
-0.00292774, 0.999978, -0.00591171, -0.00266233
-0.00714321, 0.00589067, 0.999957, 0.00251138
0, 0, 0, 1

===

0.999991, -0.00422571, 0.000470985, 0.00172802
0.00422897, 0.999965, -0.00715193, -0.00515164
-0.000440739, 0.00715386, 0.999974, -0.00300345
0, 0, 0, 1

0.999965, 0.00127969, 0.00819824, 0.00248525
-0.00119409, 0.999945, -0.0104275, -0.00297907
-0.00821113, 0.0104173, 0.999912, 0.00289595
0, 0, 0, 1

===

0.999993, -0.00385865, -8.40067e-005, 0.00168963
0.00385787, 0.999962, -0.00780808, -0.00545861
0.000114115, 0.0078077, 0.99997, -0.00318265
0, 0, 0, 1

0.999984, 0.00147678, 0.0054426, 0.00256217
-0.00144048, 0.999977, -0.00665221, -0.00326964
-0.0054523, 0.00664431, 0.999963, 0.00334871
0, 0, 0, 1

===

0.999997, -0.00249234, -0.000575926, 0.00165905
0.00248715, 0.999958, -0.00883543, -0.0062116
0.000597934, 0.00883397, 0.999961, -0.00343288
0, 0, 0, 1

0.999989, 0.00128292, 0.00450276, 0.00248817
-0.00125236, 0.999976, -0.00675973, -0.00365523
-0.0045113, 0.00675407, 0.999967, 0.00395393
0, 0, 0, 1

===

0.999999, -0.00132054, -0.000907394, 0.0015031
0.00131084, 0.999943, -0.0106165, -0.00760129
0.000921362, 0.0106153, 0.999943, -0.00337626
0, 0, 0, 1

0.999978, 0.00031101, 0.00658908, 0.00261936
-0.000216467, 0.999897, -0.0143358, -0.00421104
-0.00659286, 0.014334, 0.999876, 0.00473213
0, 0, 0, 1

===

0.999999, -0.00118215, -0.00105862, 0.00154778
0.00116864, 0.999919, -0.0126783, -0.00842768
0.00107352, 0.0126771, 0.999919, -0.00372563
0, 0, 0, 1

0.999981, 0.000287283, 0.00617044, 0.00307727
-0.000206107, 0.999914, -0.0131424, -0.00454822
-0.00617367, 0.0131409, 0.999895, 0.00531352
0, 0, 0, 1

===

0.999994, -0.00300499, -0.00158922, 0.00179078
0.00298307, 0.999903, -0.0136111, -0.00906435
0.00162998, 0.0136063, 0.999906, -0.00407132
0, 0, 0, 1

0.999938, -0.00114001, 0.0110374, 0.00351015
0.00130989, 0.999881, -0.0153936, -0.00489521
-0.0110185, 0.0154071, 0.999821, 0.00599945
0, 0, 0, 1

===

0.999989, -0.00438192, -0.00180496, 0.00226081
0.00435531, 0.999885, -0.0144924, -0.010158
0.00186824, 0.0144844, 0.999893, -0.00438281
0, 0, 0, 1

0.99989, 0.00028665, 0.0148492, 0.00431183
-5.56502e-005, 0.999879, -0.0155523, -0.00530097
-0.0148519, 0.0155498, 0.999769, 0.00683618
0, 0, 0, 1

===

0.999964, -0.00848253, -0.000792772, 0.00271257
0.00846987, 0.999855, -0.0147973, -0.0104257
0.000918181, 0.01479, 0.99989, -0.00460418
0, 0, 0, 1

0.999891, 0.000125665, 0.0147437, 0.00491011
6.34398e-005, 0.999918, -0.0128185, -0.0056228
-0.014744, 0.0128179, 0.999809, 0.00743699
0, 0, 0, 1

===

0.999931, -0.0116968, -0.00140758, 0.00319039
0.0116762, 0.999836, -0.0138156, -0.011902
0.00156898, 0.0137982, 0.999904, -0.0046784
0, 0, 0, 1

0.999838, -0.00131144, 0.0179538, 0.00509235
0.00162353, 0.999848, -0.0173778, -0.00616327
-0.0179282, 0.0174041, 0.999688, 0.00814712
0, 0, 0, 1

===

0.999929, -0.011768, -0.00200324, 0.00406757
0.0117341, 0.9998, -0.0161884, -0.012434
0.00219337, 0.0161638, 0.999867, -0.00517499
0, 0, 0, 1

0.999823, -0.000826595, 0.018807, 0.00551084
0.00123671, 0.999762, -0.0218044, -0.0069626
-0.0187845, 0.0218238, 0.999585, 0.00880086
0, 0, 0, 1

===

0.999924, -0.0122159, -0.00135021, 0.00429556
0.0121891, 0.999757, -0.0183703, -0.0130683
0.00157431, 0.0183524, 0.99983, -0.00537921
0, 0, 0, 1

0.99985, -0.000653861, 0.017327, 0.00530204
0.00101703, 0.99978, -0.0209534, -0.00735947
-0.0173095, 0.0209679, 0.99963, 0.00920665
0, 0, 0, 1

===

0.999923, -0.0123081, -0.00134221, 0.00387904
0.0122814, 0.999756, -0.0183746, -0.0135365
0.00156806, 0.0183567, 0.99983, -0.00574086
0, 0, 0, 1

0.999878, -0.0017575, 0.0155011, 0.0048959
0.00209355, 0.999763, -0.0216859, -0.00778565
-0.0154593, 0.0217157, 0.999645, 0.00939989
0, 0, 0, 1

===

0.999942, -0.0105517, -0.00231261, 0.0039203
0.0105051, 0.999759, -0.0192969, -0.0136744
0.00251568, 0.0192715, 0.999811, -0.00623057
0, 0, 0, 1

0.999913, -0.00258767, 0.0129065, 0.00405043
0.00288767, 0.999725, -0.02328, -0.00843841
-0.0128427, 0.0233152, 0.999646, 0.00951457
0, 0, 0, 1

===

0.999957, -0.00874399, -0.00307632, 0.00344422
0.00868146, 0.999767, -0.0197834, -0.0136852
0.0032486, 0.0197559, 0.9998, -0.00664426
0, 0, 0, 1

0.999942, -0.00312614, 0.0102861, 0.00329015
0.00332506, 0.999807, -0.0193669, -0.00892064
-0.0102236, 0.0193999, 0.99976, 0.00959778
0, 0, 0, 1

===

0.999959, -0.00780419, -0.0045445, 0.00287195
0.00771279, 0.999774, -0.0197939, -0.0135969
0.00469794, 0.019758, 0.999794, -0.0072323
0, 0, 0, 1

0.999919, -0.0054778, 0.0115066, 0.00246739
0.00572374, 0.999754, -0.0214537, -0.00955614
-0.0113863, 0.0215178, 0.999704, 0.00950539
0, 0, 0, 1

===

0.999948, -0.00811274, -0.00613983, 0.002478
0.00799006, 0.999773, -0.0197484, -0.0125567
0.00629864, 0.0196983, 0.999786, -0.00813839
0, 0, 0, 1

0.999911, -0.00783827, 0.0107978, 0.00112054
0.00804602, 0.999781, -0.0193328, -0.0104645
-0.0106439, 0.0194179, 0.999755, 0.00927842
0, 0, 0, 1

===

0.99994, -0.00720703, -0.00819595, 0.00198426
0.00704383, 0.99978, -0.0197668, -0.0121775
0.00833662, 0.0197079, 0.999771, -0.00890965
0, 0, 0, 1

0.999904, -0.00936882, 0.0102379, 5.34654e-005
0.00958018, 0.999738, -0.0207878, -0.0112283
-0.0100405, 0.0208839, 0.999731, 0.00888038
0, 0, 0, 1

===

0.999918, -0.00768227, -0.0102449, 0.00167059
0.00748241, 0.999784, -0.0194039, -0.0115298
0.0103917, 0.0193257, 0.999759, -0.00985268
0, 0, 0, 1

0.999896, -0.0108966, 0.0094401, -0.00105366
0.0110282, 0.999841, -0.0139978, -0.0119161
-0.00928607, 0.0141004, 0.999857, 0.00853014
0, 0, 0, 1

===

0.999902, -0.00632349, -0.0124701, 0.00204918
0.00609444, 0.999814, -0.0183192, -0.00968445
0.0125836, 0.0182414, 0.999754, -0.0110943
0, 0, 0, 1

0.999896, -0.0123964, 0.00737838, -0.0028044
0.0125035, 0.999815, -0.0146248, -0.0130257
-0.0071957, 0.0147156, 0.999866, 0.00788713
0, 0, 0, 1

===

0.999885, -0.00581137, -0.0139822, 0.00166195
0.00555788, 0.999821, -0.0180999, -0.00817921
0.0140849, 0.0180201, 0.999738, -0.0121987
0, 0, 0, 1

0.999853, -0.016716, 0.00374247, -0.00388527
0.0168897, 0.998478, -0.0525011, -0.0137932
-0.00285918, 0.0525566, 0.998614, 0.00659192
0, 0, 0, 1

===

0.999851, -0.00504527, -0.0165148, 0.00145192
0.00474004, 0.999818, -0.018469, -0.00720551
0.016605, 0.0183879, 0.999693, -0.0131401
0, 0, 0, 1

0.999859, -0.0158431, 0.00553088, -0.00495094
0.0159207, 0.999772, -0.0142603, -0.0149102
-0.00530369, 0.0143464, 0.999883, 0.00682235
0, 0, 0, 1

===

0.999834, -0.0029381, -0.0179804, 0.000935761
0.00259747, 0.999817, -0.0189373, -0.00612281
0.0180327, 0.0188874, 0.999659, -0.0143096
0, 0, 0, 1

0.999829, -0.0184961, 0.000738077, -0.00616193
0.0185092, 0.998403, -0.0533837, -0.0159083
0.000250541, 0.0533883, 0.998574, 0.00519538
0, 0, 0, 1

===

0.999827, -0.000624456, -0.0185887, 0.000195307
0.000281185, 0.999829, -0.0184638, -0.00557316
0.018597, 0.0184554, 0.999657, -0.0154974
0, 0, 0, 1

0.999841, -0.0177767, 0.00136883, -0.006975
0.0178246, 0.998402, -0.0536336, -0.0166804
-0.000413194, 0.0536495, 0.99856, 0.00460839
0, 0, 0, 1

===

0.999841, 0.000430183, -0.0178147, -0.00126316
-0.000724402, 0.999863, -0.0165117, -0.00611465
0.0178051, 0.016522, 0.999705, -0.0163651
0, 0, 0, 1

0.99986, -0.0165897, 0.00206233, -0.00764069
0.0166726, 0.998591, -0.0503882, -0.0174167
-0.0012235, 0.0504155, 0.998728, 0.00413918
0, 0, 0, 1

===

0.999857, -0.001326, -0.0168786, -0.00118161
0.00104828, 0.999864, -0.0164528, -0.00372284
0.0168981, 0.0164327, 0.999722, -0.0177734
0, 0, 0, 1

0.999905, -0.0117598, 0.0071945, -0.00843596
0.011806, 0.99991, -0.00641173, -0.0185991
-0.00711842, 0.0064961, 0.999954, 0.0046221
0, 0, 0, 1

===

0.99988, -0.00350843, -0.0150677, -0.00182895
0.00326568, 0.999865, -0.0161043, -0.00287274
0.0151222, 0.0160531, 0.999757, -0.0186795
0, 0, 0, 1

0.999898, -0.0132781, 0.00534323, -0.00901386
0.0135315, 0.99863, -0.050554, -0.0190868
-0.00466462, 0.0506211, 0.998707, 0.00302839
0, 0, 0, 1

===

0.999886, -0.00586238, -0.0138999, -0.00242426
0.00564047, 0.999857, -0.0159517, -0.00203061
0.0139914, 0.0158715, 0.999776, -0.0196079
0, 0, 0, 1

0.999909, -0.0102056, 0.00879923, -0.00974217
0.0102734, 0.999918, -0.00767508, -0.0200041
-0.00872013, 0.00776482, 0.999932, 0.00371075
0, 0, 0, 1

===

0.999904, -0.00530007, -0.0128218, -0.00346009
0.00511468, 0.999883, -0.01445, -0.00213816
0.0128968, 0.014383, 0.999813, -0.0205076
0, 0, 0, 1

0.999917, -0.00826155, 0.00992815, -0.010573
0.00834038, 0.999934, -0.0079203, -0.0208701
-0.00986207, 0.00800231, 0.999919, 0.00311494
0, 0, 0, 1

===

0.999919, -0.00635375, -0.0110713, -0.00443686
0.00619962, 0.999884, -0.0138996, -0.00148309
0.0111583, 0.0138298, 0.999842, -0.0212422
0, 0, 0, 1

0.999904, -0.00814626, 0.0111708, -0.0112756
0.0082511, 0.999922, -0.00936577, -0.0215065
-0.0110936, 0.00945705, 0.999894, 0.00276566
0, 0, 0, 1

===

0.999908, -0.00827368, -0.0107897, -0.0050244
0.00812963, 0.999878, -0.013327, -0.00127832
0.0108987, 0.0132381, 0.999853, -0.021974
0, 0, 0, 1

0.999908, -0.00812026, 0.01088, -0.0119028
0.0081879, 0.999947, -0.00617805, -0.0221441
-0.0108292, 0.00626659, 0.999922, 0.00256729
0, 0, 0, 1

===

0.999912, -0.00799497, -0.0105802, -0.0055246
0.00785828, 0.999886, -0.0129005, -0.00104102
0.0106821, 0.0128162, 0.999861, -0.0228574
0, 0, 0, 1

0.999923, -0.00978909, 0.00757482, -0.0128178
0.0101506, 0.998735, -0.0492468, -0.022621
-0.00708316, 0.04932, 0.998758, 0.000914335
0, 0, 0, 1

===

0.99991, -0.00823937, -0.0106066, -0.0060127
0.00810758, 0.99989, -0.0124087, -0.000850093
0.0107077, 0.0123216, 0.999867, -0.023504
0, 0, 0, 1

0.999923, -0.0100825, 0.0072442, -0.0134874
0.0104154, 0.998818, -0.0474813, -0.0232343
-0.00675689, 0.0475531, 0.998846, 0.000789642
0, 0, 0, 1

===

0.999922, -0.00710088, -0.0102835, -0.00629688
0.00695962, 0.999882, -0.0137068, -6.5429e-005
0.0103796, 0.0136341, 0.999853, -0.0243585
0, 0, 0, 1

0.999947, -0.00602886, 0.00835928, -0.0142028
0.00608757, 0.999957, -0.0070098, -0.0241408
-0.00831664, 0.00706029, 0.999941, 0.00187695
0, 0, 0, 1

===

0.999948, -0.00513468, -0.00877243, -0.00758159
0.00502014, 0.999903, -0.0130279, -0.000774541
0.00883847, 0.0129832, 0.999877, -0.0247538
0, 0, 0, 1

0.999948, -0.00570226, 0.0085155, -0.0150076
0.00577275, 0.999949, -0.00827008, -0.0248989
-0.00846791, 0.00831878, 0.99993, 0.00183821
0, 0, 0, 1

===

0.999938, -0.00675827, -0.00886413, -0.00785434
0.00663717, 0.999885, -0.0136232, -0.000777635
0.00895516, 0.0135635, 0.999868, -0.0252536
0, 0, 0, 1

0.999949, -0.00544388, 0.00852758, -0.0156586
0.00549311, 0.999968, -0.00574109, -0.0253254
-0.00849602, 0.00578767, 0.999947, 0.00206184
0, 0, 0, 1

===

0.999952, -0.00504178, -0.00838644, -0.00817359
0.0049241, 0.99989, -0.0139913, -2.20182e-005
0.00845607, 0.0139493, 0.999867, -0.0262089
0, 0, 0, 1

0.999966, -0.00334311, 0.00748075, -0.016267
0.00339989, 0.999965, -0.00758901, -0.0257722
-0.00745511, 0.00761417, 0.999943, 0.00221872
0, 0, 0, 1

===

0.999973, -0.00395794, -0.0062468, -0.00877889
0.00386813, 0.99989, -0.0143236, -9.23804e-005
0.00630281, 0.0142991, 0.999878, -0.0268095
0, 0, 0, 1

0.999953, -0.00114498, 0.00966211, -0.0168943
0.0012288, 0.999962, -0.00866455, -0.0264037
-0.0096518, 0.00867605, 0.999916, 0.00267804
0, 0, 0, 1

===

0.999975, -0.00556173, -0.00443262, -0.0101645
0.0055005, 0.999891, -0.0137077, -0.00183949
0.00450838, 0.0136829, 0.999896, -0.0269014
0, 0, 0, 1

0.999933, -0.000310263, 0.0115484, -0.0172474
0.000387294, 0.999978, -0.0066638, -0.0269467
-0.011546, 0.00666779, 0.999911, 0.00330365
0, 0, 0, 1

===

0.99998, -0.00573563, -0.00253556, -0.0113261
0.00569926, 0.999884, -0.0141271, -0.00376562
0.00261628, 0.0141124, 0.999897, -0.027349
0, 0, 0, 1

0.999918, 0.00369457, 0.0122312, -0.0177333
-0.00354981, 0.999924, -0.0118262, -0.0274414
-0.012274, 0.0117818, 0.999855, 0.00382376
0, 0, 0, 1

===

0.999985, -0.00518767, 0.00165885, -0.0125365
0.00521343, 0.99986, -0.0159184, -0.00479771
-0.00157603, 0.0159268, 0.999872, -0.0277648
0, 0, 0, 1

0.999854, 0.00756992, 0.0153202, -0.0182789
-0.00729742, 0.999816, -0.0177612, -0.0281633
-0.0154519, 0.0176468, 0.999725, 0.00470352
0, 0, 0, 1

===

0.999961, -0.00682647, 0.00561706, -0.0141267
0.00692664, 0.999814, -0.018012, -0.00784507
-0.00549306, 0.0180502, 0.999822, -0.0276279
0, 0, 0, 1

0.999787, 0.0123423, 0.0165138, -0.0185352
-0.0120148, 0.999732, -0.019783, -0.0285173
-0.0167535, 0.0195803, 0.999668, 0.00555468
0, 0, 0, 1

===

0.999923, -0.00670737, 0.0104231, -0.0154307
0.00691995, 0.999766, -0.0204963, -0.0094729
-0.0102832, 0.0205669, 0.999736, -0.0276672
0, 0, 0, 1

0.999655, 0.0170631, 0.0199792, -0.0187711
-0.0166325, 0.99963, -0.0215161, -0.0285698
-0.020339, 0.0211764, 0.999569, 0.00644159
0, 0, 0, 1

===

0.999816, -0.0115213, 0.015339, -0.016654
0.0118348, 0.99972, -0.0205123, -0.0107181
-0.0150984, 0.0206901, 0.999672, -0.0274845
0, 0, 0, 1

0.999452, 0.0219485, 0.0247759, -0.0187869
-0.0213442, 0.999475, -0.0243942, -0.0284122
-0.0252983, 0.023852, 0.999395, 0.00794184
0, 0, 0, 1

===

0.999723, -0.0122068, 0.020124, -0.0179849
0.0126271, 0.999702, -0.0208934, -0.0140353
-0.019863, 0.0211417, 0.999579, -0.0271277
0, 0, 0, 1

0.999189, 0.0284605, 0.0284708, -0.0186415
-0.0276235, 0.999187, -0.0293697, -0.0282682
-0.0292835, 0.0285594, 0.999163, 0.00924551
0, 0, 0, 1

===

0.999504, -0.0161973, 0.0270018, -0.018525
0.0168811, 0.999538, -0.0252912, -0.0145401
-0.0265796, 0.0257345, 0.999315, -0.0269515
0, 0, 0, 1

0.998848, 0.034671, 0.0331889, -0.0183913
-0.0334958, 0.998814, -0.0353318, -0.0279225
-0.0343746, 0.0341794, 0.998824, 0.0106651
0, 0, 0, 1

===

0.999197, -0.020202, 0.0345926, -0.020156
0.0211514, 0.999403, -0.0273038, -0.0178418
-0.0340204, 0.0280135, 0.999028, -0.0258579
0, 0, 0, 1

0.998279, 0.043533, 0.0392824, -0.0177617
-0.0420808, 0.998426, -0.0370661, -0.0272329
-0.0408342, 0.0353493, 0.99854, 0.0129775
0, 0, 0, 1

===

0.998803, -0.0236332, 0.0428225, -0.0215046
0.0249488, 0.999225, -0.0304532, -0.0212704
-0.0420696, 0.0314852, 0.998618, -0.0248511
0, 0, 0, 1

0.997722, 0.0508921, 0.0442864, -0.0171545
-0.0488805, 0.997773, -0.0453781, -0.0266317
-0.0464972, 0.04311, 0.997988, 0.0145
0, 0, 0, 1

===

0.99829, -0.0272642, 0.0516987, -0.0232087
0.0289906, 0.999037, -0.0329431, -0.0250776
-0.0507508, 0.0343856, 0.998119, -0.0236192
0, 0, 0, 1

0.997112, 0.0582749, 0.0486948, -0.0165586
-0.0557668, 0.997122, -0.051368, -0.025863
-0.0515481, 0.0485041, 0.997492, 0.016241
0, 0, 0, 1

===

0.997684, -0.0321181, 0.0599644, -0.0238586
0.0343389, 0.998748, -0.0363791, -0.027163
-0.0587209, 0.038354, 0.997537, -0.0224367
0, 0, 0, 1

0.996316, 0.065605, 0.0552406, -0.0155056
-0.0624386, 0.996408, -0.0572164, -0.0244834
-0.0587958, 0.0535564, 0.996832, 0.0186628
0, 0, 0, 1

===

0.99704, -0.0376168, 0.0670483, -0.0250104
0.0401724, 0.998501, -0.0371839, -0.0307134
-0.065549, 0.0397673, 0.997057, -0.0208456
0, 0, 0, 1

0.995683, 0.0722912, 0.0582272, -0.0150296
-0.0687482, 0.995785, -0.0607121, -0.0231965
-0.0623707, 0.0564469, 0.996456, 0.0205649
0, 0, 0, 1

===

0.996419, -0.0398289, 0.0745843, -0.0254096
0.0429337, 0.998257, -0.040498, -0.0317016
-0.0728413, 0.0435552, 0.996392, -0.0197178
0, 0, 0, 1

0.995201, 0.078846, 0.0579566, -0.0147731
-0.0752217, 0.995221, -0.0622613, -0.0217611
-0.0625887, 0.0576029, 0.996376, 0.0225008
0, 0, 0, 1

===

0.995821, -0.0391998, 0.0824861, -0.0275364
0.0427007, 0.998242, -0.0411152, -0.0366969
-0.0807293, 0.0444656, 0.995744, -0.0173355
0, 0, 0, 1

0.994742, 0.085323, 0.0566335, -0.0145011
-0.0812207, 0.994152, -0.0711645, -0.0200771
-0.0623742, 0.0661906, 0.995855, 0.0250118
0, 0, 0, 1

===

0.995387, -0.039352, 0.0875031, -0.0278535
0.0434191, 0.99804, -0.0450718, -0.0385355
-0.0855579, 0.0486632, 0.995144, -0.0155939
0, 0, 0, 1

0.994559, 0.0884751, 0.0549963, -0.0141841
-0.084393, 0.993786, -0.0725741, -0.018627
-0.0610756, 0.067538, 0.995846, 0.0270811
0, 0, 0, 1

===

0.99508, -0.041879, 0.089783, -0.0223453
0.046692, 0.997545, -0.0521938, -0.0331164
-0.0873767, 0.0561291, 0.994593, -0.0148374
0, 0, 0, 1

0.994242, 0.092585, 0.0539547, -0.0139483
-0.0884133, 0.993244, -0.0751598, -0.0170455
-0.0605489, 0.0699567, 0.995711, 0.0291662
0, 0, 0, 1

===

0.99475, -0.0387464, 0.0947136, -0.0232155
0.0440785, 0.99752, -0.0548693, -0.035327
-0.0923528, 0.058756, 0.993991, -0.0130731
0, 0, 0, 1

0.993743, 0.0986948, 0.052287, -0.013339
-0.0943163, 0.992285, -0.0804621, -0.0149187
-0.0598248, 0.0750271, 0.995385, 0.0320288
0, 0, 0, 1

===

0.99425, -0.0387879, 0.0998169, -0.0237261
0.0447482, 0.997303, -0.0581819, -0.037561
-0.0972909, 0.0623139, 0.993303, -0.0111046
0, 0, 0, 1

0.993398, 0.101891, 0.0527169, -0.0128757
-0.0973092, 0.99177, -0.0832006, -0.0132061
-0.0607605, 0.0775215, 0.995137, 0.0341611
0, 0, 0, 1

===

0.993788, -0.0394268, 0.104074, -0.0238675
0.045962, 0.997069, -0.061161, -0.0383949
-0.101358, 0.0655645, 0.992687, -0.00952249
0, 0, 0, 1

0.992894, 0.10789, 0.0502226, -0.0124201
-0.10333, 0.990929, -0.0859268, -0.0107779
-0.0590376, 0.0801266, 0.995035, 0.0370002
0, 0, 0, 1

===

0.993382, -0.0387226, 0.108131, -0.0243987
0.0457446, 0.99695, -0.0632323, -0.0417065
-0.105353, 0.0677602, 0.992124, -0.00710028
0, 0, 0, 1

0.992636, 0.109556, 0.0516868, -0.0119077
-0.104549, 0.990323, -0.0912618, -0.00923234
-0.061185, 0.0851859, 0.994485, 0.0392044
0, 0, 0, 1

===

0.993007, -0.0384627, 0.11161, -0.0249048
0.0460765, 0.996725, -0.0664603, -0.0440493
-0.108688, 0.0711382, 0.991527, -0.00510919
0, 0, 0, 1

0.992267, 0.112403, 0.0526439, -0.0112412
-0.107162, 0.989829, -0.0935726, -0.00730294
-0.0626263, 0.0872076, 0.99422, 0.0414056
0, 0, 0, 1

===

0.992562, -0.0394613, 0.115165, -0.0247058
0.0475771, 0.99651, -0.0685944, -0.0452279
-0.112056, 0.0735634, 0.990975, -0.00318578
0, 0, 0, 1

0.991627, 0.117421, 0.0537511, -0.0103288
-0.111989, 0.989172, -0.094853, -0.00453472
-0.0643069, 0.0880392, 0.994039, 0.0442309
0, 0, 0, 1

===

0.992063, -0.0412274, 0.118788, -0.0247711
0.0497317, 0.996339, -0.0695404, -0.048101
-0.115486, 0.074896, 0.990481, -0.000720671
0, 0, 0, 1

0.991264, 0.120313, 0.0540359, -0.00963196
-0.114934, 0.988959, -0.0935431, -0.00244635
-0.0646936, 0.0865154, 0.994148, 0.0464239
0, 0, 0, 1

===

0.991655, -0.0418695, 0.121935, -0.0246749
0.0508337, 0.996155, -0.0713569, -0.0498453
-0.118479, 0.0769598, 0.98997, 0.00133076
0, 0, 0, 1

0.990844, 0.122209, 0.057391, -0.00888038
-0.115904, 0.98794, -0.102668, -0.000683248
-0.0692458, 0.0950765, 0.993059, 0.048655
0, 0, 0, 1

===

0.991179, -0.0431042, 0.125327, -0.0243963
0.0525117, 0.995966, -0.0727552, -0.0521859
-0.121685, 0.0786946, 0.989444, 0.00373027
0, 0, 0, 1

0.990122, 0.126727, 0.0599967, -0.00750533
-0.120116, 0.987371, -0.103296, 0.0021598
-0.0723294, 0.095069, 0.99284, 0.0517304
0, 0, 0, 1

===

0.99052, -0.0449485, 0.129807, -0.0251574
0.0549043, 0.995733, -0.0741648, -0.0552891
-0.12592, 0.0805887, 0.988762, 0.00619817
0, 0, 0, 1

0.989623, 0.129644, 0.0619561, -0.00656569
-0.122755, 0.986931, -0.104398, 0.00431436
-0.0746809, 0.0957092, 0.992604, 0.0541914
0, 0, 0, 1

===

0.989946, -0.0476824, 0.133166, -0.024825
0.0581066, 0.99545, -0.0755223, -0.057372
-0.128959, 0.0825008, 0.988212, 0.00845226
0, 0, 0, 1

0.988965, 0.133605, 0.0640162, -0.00548175
-0.126448, 0.986383, -0.105168, 0.00659731
-0.0771954, 0.0959127, 0.992392, 0.0567769
0, 0, 0, 1

===

0.989408, -0.0478546, 0.137046, -0.0246503
0.0587361, 0.995339, -0.0764876, -0.0605475
-0.132747, 0.083727, 0.987607, 0.0109296
0, 0, 0, 1

0.987869, 0.140639, 0.0658377, -0.00380033
-0.132999, 0.985128, -0.10878, 0.00950393
-0.0801574, 0.0987046, 0.991883, 0.0602698
0, 0, 0, 1

===

0.988508, -0.0511012, 0.142272, -0.0249763
0.0625387, 0.995059, -0.0771152, -0.0647313
-0.137628, 0.0851265, 0.986819, 0.0138259
0, 0, 0, 1

0.987401, 0.141648, 0.0705343, -0.00218332
-0.133349, 0.984832, -0.111018, 0.0116618
-0.0851899, 0.100214, 0.991312, 0.063038
0, 0, 0, 1

===

0.987837, -0.0542944, 0.145705, -0.024113
0.0661911, 0.994747, -0.0780809, -0.068451
-0.1407, 0.0867756, 0.986242, 0.0166415
0, 0, 0, 1

0.986292, 0.146926, 0.0751062, -0.000493586
-0.138104, 0.984112, -0.111581, 0.0141672
-0.090307, 0.099679, 0.990913, 0.0657767
0, 0, 0, 1

===

0.986979, -0.0563902, 0.150641, -0.0236143
0.0687748, 0.994554, -0.0783065, -0.0714637
-0.145405, 0.0876472, 0.985482, 0.0191035
0, 0, 0, 1

0.985214, 0.153536, 0.0760294, 0.00149199
-0.144437, 0.982992, -0.113421, 0.0172565
-0.0921504, 0.100762, 0.990634, 0.0691391
0, 0, 0, 1

===

0.985935, -0.0596543, 0.156122, -0.0234505
0.0728439, 0.994116, -0.080169, -0.0747484
-0.150421, 0.090414, 0.984479, 0.0218614
0, 0, 0, 1

0.984529, 0.158066, 0.0756162, 0.00264871
-0.148671, 0.981949, -0.116928, 0.0194459
-0.0927336, 0.103877, 0.990258, 0.0716405
0, 0, 0, 1

===

0.98518, -0.0588523, 0.16111, -0.0236176
0.0728082, 0.993958, -0.082133, -0.0782803
-0.155303, 0.092646, 0.983513, 0.0246629
0, 0, 0, 1

0.983784, 0.163095, 0.0746224, 0.0035581
-0.153254, 0.980545, -0.122661, 0.0214284
-0.0931759, 0.109235, 0.989639, 0.0740596
0, 0, 0, 1

===

0.984321, -0.0594157, 0.166078, -0.0233161
0.0741552, 0.993702, -0.0840024, -0.0804836
-0.160041, 0.0950009, 0.982528, 0.0272122
0, 0, 0, 1

0.983065, 0.167141, 0.0751514, 0.00499719
-0.157293, 0.979989, -0.121985, 0.0245927
-0.0940362, 0.108098, 0.989683, 0.077073
0, 0, 0, 1

===

0.983785, -0.0591975, 0.1693, -0.0224753
0.0745707, 0.993506, -0.0859328, -0.0829678
-0.163114, 0.0971642, 0.981811, 0.0297424
0, 0, 0, 1

0.982396, 0.17118, 0.0747961, 0.00610852
-0.160799, 0.978674, -0.127832, 0.0264303
-0.0950833, 0.113555, 0.988971, 0.0793911
0, 0, 0, 1

===

0.98284, -0.0591918, 0.174707, -0.0229601
0.0754795, 0.993248, -0.088103, -0.0853447
-0.168312, 0.0997779, 0.980671, 0.0320639
0, 0, 0, 1

0.980821, 0.178643, 0.0779594, 0.00740546
-0.167833, 0.977437, -0.128254, 0.0297685
-0.0991122, 0.11271, 0.988672, 0.0825409
0, 0, 0, 1

===

0.98183, -0.0605505, 0.179841, -0.0226183
0.0777352, 0.992895, -0.0900937, -0.0878281
-0.173108, 0.102437, 0.979561, 0.034586
0, 0, 0, 1

0.979688, 0.183568, 0.0807054, 0.00970295
-0.172111, 0.976284, -0.131329, 0.0317614
-0.102899, 0.114771, 0.988048, 0.0844381
0, 0, 0, 1

===

0.980578, -0.0633881, 0.185604, -0.0221821
0.0812061, 0.992624, -0.0900215, -0.0907954
-0.178529, 0.103345, 0.978492, 0.0374352
0, 0, 0, 1

0.97873, 0.187393, 0.0834936, 0.0113104
-0.175344, 0.975383, -0.133729, 0.0340163
-0.106498, 0.116244, 0.987495, 0.0866095
0, 0, 0, 1

===

0.979354, -0.0665321, 0.190889, -0.0216407
0.0851599, 0.992194, -0.0910944, -0.0931223
-0.183338, 0.10547, 0.977376, 0.040069
0, 0, 0, 1

0.976195, 0.197893, 0.0887825, 0.0140758
-0.184995, 0.973355, -0.135489, 0.0373003
-0.113229, 0.115839, 0.986793, 0.0894675
0, 0, 0, 1

===

0.977793, -0.0682029, 0.198167, -0.0216145
0.0875699, 0.992024, -0.0906626, -0.0965995
-0.190403, 0.106003, 0.975966, 0.0427852
0, 0, 0, 1

0.974048, 0.206005, 0.0937627, 0.016517
-0.19171, 0.971116, -0.142063, 0.0391509
-0.12032, 0.120401, 0.985407, 0.0917083
0, 0, 0, 1

===

0.975365, -0.072903, 0.208203, -0.0220335
0.093301, 0.991572, -0.0898832, -0.101348
-0.199895, 0.107094, 0.973947, 0.0460236
0, 0, 0, 1

0.972156, 0.212648, 0.0984578, 0.0188229
-0.197698, 0.969835, -0.142601, 0.0416092
-0.125812, 0.119166, 0.984871, 0.0937514
0, 0, 0, 1

===

0.973215, -0.0783491, 0.216132, -0.0212291
0.0999355, 0.990841, -0.0908112, -0.102507
-0.207037, 0.109978, 0.972132, 0.0483522
0, 0, 0, 1

0.969683, 0.221531, 0.103145, 0.0217454
-0.206056, 0.968153, -0.142199, 0.04495
-0.131361, 0.116634, 0.98445, 0.0962212
0, 0, 0, 1

===

0.971211, -0.0817429, 0.223756, -0.0210877
0.10401, 0.990533, -0.0895896, -0.104817
-0.214315, 0.110283, 0.970519, 0.051026
0, 0, 0, 1

0.968013, 0.227254, 0.106336, 0.0239299
-0.211106, 0.966753, -0.144305, 0.0470801
-0.135595, 0.117241, 0.983803, 0.0981616
0, 0, 0, 1

===

0.9692, -0.0848604, 0.231193, -0.0213601
0.10781, 0.990225, -0.088493, -0.108223
-0.221424, 0.110692, 0.968875, 0.0536679
0, 0, 0, 1

0.966021, 0.233773, 0.110246, 0.026316
-0.217174, 0.965425, -0.144188, 0.0493034
-0.140142, 0.115346, 0.98339, 0.0999914
0, 0, 0, 1

===

0.967238, -0.0885297, 0.237936, -0.0203087
0.112354, 0.989721, -0.0884813, -0.11063
-0.227657, 0.112315, 0.967242, 0.0563203
0, 0, 0, 1

0.963953, 0.241132, 0.112471, 0.0291639
-0.223287, 0.963001, -0.150903, 0.0515852
-0.144697, 0.12035, 0.98213, 0.102746
0, 0, 0, 1

===

0.965273, -0.0889101, 0.245647, -0.021247
0.113477, 0.989662, -0.0877099, -0.113662
-0.235309, 0.112539, 0.965383, 0.0585359
0, 0, 0, 1

0.961213, 0.250996, 0.114326, 0.0319349
-0.232928, 0.960725, -0.15084, 0.0532914
-0.147696, 0.11836, 0.981925, 0.104535
0, 0, 0, 1

===

0.962955, -0.0899616, 0.254214, -0.02035
0.115636, 0.989395, -0.0878968, -0.117174
-0.24361, 0.114037, 0.963146, 0.0607455
0, 0, 0, 1

0.959459, 0.257242, 0.115175, 0.034279
-0.238573, 0.958821, -0.154094, 0.0545251
-0.150071, 0.120369, 0.981321, 0.106507
0, 0, 0, 1

===

0.960566, -0.0897033, 0.263184, -0.0201348
0.116959, 0.989072, -0.089761, -0.121054
-0.252256, 0.117003, 0.960561, 0.0630857
0, 0, 0, 1

0.956857, 0.266611, 0.115515, 0.0373598
-0.247705, 0.956303, -0.155331, 0.0565648
-0.15188, 0.120016, 0.981085, 0.108888
0, 0, 0, 1

===

0.958412, -0.0893855, 0.27103, -0.0194241
0.11754, 0.989031, -0.0894599, -0.123429
-0.26006, 0.117596, 0.958405, 0.0653004
0, 0, 0, 1

0.954545, 0.273711, 0.11801, 0.0400147
-0.254193, 0.954282, -0.157262, 0.0578238
-0.155659, 0.120117, 0.980481, 0.110561
0, 0, 0, 1

===

0.956148, -0.0917026, 0.278156, -0.018096
0.12015, 0.988938, -0.0869758, -0.126655
-0.267103, 0.116582, 0.95659, 0.0672434
0, 0, 0, 1

0.952887, 0.277424, 0.12265, 0.0426449
-0.256404, 0.952733, -0.16296, 0.0583538
-0.162062, 0.123835, 0.978979, 0.112422
0, 0, 0, 1

===

0.953974, -0.0934405, 0.28496, -0.0166209
0.122617, 0.988696, -0.0862899, -0.130106
-0.273676, 0.117259, 0.954647, 0.0691801
0, 0, 0, 1

0.950165, 0.285574, 0.125032, 0.0458725
-0.263938, 0.950349, -0.164842, 0.0594359
-0.165899, 0.123627, 0.978363, 0.11475
0, 0, 0, 1

===

0.952261, -0.0942892, 0.290359, -0.015272
0.124102, 0.988536, -0.0859953, -0.135789
-0.278922, 0.117924, 0.953046, 0.0710911
0, 0, 0, 1

0.947769, 0.294328, 0.122901, 0.0479982
-0.272418, 0.94739, -0.168049, 0.0599175
-0.165896, 0.125791, 0.978087, 0.116749
0, 0, 0, 1

===

0.950222, -0.0933629, 0.297256, -0.0136044
0.125172, 0.988063, -0.0897958, -0.138647
-0.285324, 0.122534, 0.950566, 0.0721864
0, 0, 0, 1

0.944788, 0.303698, 0.123061, 0.0505848
-0.280132, 0.943405, -0.177519, 0.0596535
-0.170008, 0.133244, 0.976393, 0.118756
0, 0, 0, 1

===

0.94748, -0.091844, 0.306344, -0.0119734
0.126492, 0.987389, -0.0951953, -0.139614
-0.293737, 0.128946, 0.947149, 0.0730161
0, 0, 0, 1

0.940603, 0.314737, 0.127306, 0.0546771
-0.290257, 0.93999, -0.17936, 0.0608825
-0.176117, 0.131756, 0.975512, 0.120107
0, 0, 0, 1

===

0.944051, -0.0934497, 0.316282, -0.0107299
0.130143, 0.986748, -0.0969094, -0.138697
-0.303035, 0.132649, 0.943702, 0.0745194
0, 0, 0, 1

0.938351, 0.320187, 0.130296, 0.0572947
-0.294589, 0.937894, -0.183227, 0.0618395
-0.180871, 0.133547, 0.974398, 0.120631
0, 0, 0, 1

===

0.941487, -0.0953353, 0.323284, -0.00917381
0.1324, 0.98667, -0.0946181, -0.138678
-0.309954, 0.131885, 0.94156, 0.076506
0, 0, 0, 1

0.934811, 0.329796, 0.131767, 0.0608969
-0.305252, 0.935768, -0.17652, 0.0638867
-0.181519, 0.124791, 0.975437, 0.120252
0, 0, 0, 1

===

0.939424, -0.0944598, 0.329485, -0.00678548
0.131971, 0.986848, -0.0933553, -0.140007
-0.316333, 0.131183, 0.939534, 0.0788164
0, 0, 0, 1

0.93239, 0.335778, 0.133802, 0.0631778
-0.31075, 0.933723, -0.177752, 0.064852
-0.184619, 0.124155, 0.974937, 0.119902
0, 0, 0, 1

===

0.936563, -0.0961308, 0.33706, -0.00558012
0.134192, 0.986727, -0.0914509, -0.138839
-0.323795, 0.13088, 0.937031, 0.0805305
0, 0, 0, 1

0.93081, 0.339309, 0.135874, 0.0654016
-0.313623, 0.932362, -0.179839, 0.065517
-0.187705, 0.124783, 0.974267, 0.119147
0, 0, 0, 1

===

0.934801, -0.0977574, 0.341452, -0.00425462
0.135735, 0.98673, -0.0891047, -0.138984
-0.328211, 0.129642, 0.935666, 0.0822524
0, 0, 0, 1

0.928466, 0.345738, 0.135709, 0.0676185
-0.319818, 0.929988, -0.181215, 0.0668399
-0.18886, 0.124849, 0.974035, 0.117809
0, 0, 0, 1

===

0.933511, -0.0962066, 0.3454, -0.00286872
0.134184, 0.987066, -0.0877241, -0.138131
-0.332493, 0.128239, 0.934346, 0.0842096
0, 0, 0, 1

0.926827, 0.350273, 0.135281, 0.0692244
-0.325302, 0.928969, -0.176623, 0.0685611
-0.187538, 0.119691, 0.974938, 0.115987
0, 0, 0, 1

===

0.93149, -0.0948001, 0.351198, -0.00225619
0.133049, 0.987339, -0.0863726, -0.136039
-0.338563, 0.127182, 0.932309, 0.0861503
0, 0, 0, 1

0.924976, 0.354911, 0.13586, 0.0708293
-0.331723, 0.928475, -0.167013, 0.0711068
-0.185417, 0.109415, 0.976549, 0.113403
0, 0, 0, 1

===

0.92927, -0.0943557, 0.357147, -0.00357321
0.132082, 0.987783, -0.0827038, -0.131812
-0.34498, 0.124027, 0.93038, 0.0876899
0, 0, 0, 1

0.922937, 0.360702, 0.134468, 0.0721506
-0.337844, 0.92641, -0.166208, 0.0734942
-0.184524, 0.10797, 0.976879, 0.11036
0, 0, 0, 1

===

0.92809, -0.0931902, 0.360506, -0.00191518
0.129871, 0.988391, -0.0788427, -0.129043
-0.348973, 0.119992, 0.929419, 0.0905512
0, 0, 0, 1

0.922098, 0.36354, 0.13257, 0.0731335
-0.342475, 0.926191, -0.15774, 0.0759675
-0.18013, 0.10005, 0.978542, 0.107081
0, 0, 0, 1

===

0.926469, -0.0908077, 0.365253, -0.00300749
0.12673, 0.989055, -0.0755577, -0.126231
-0.354394, 0.11629, 0.927837, 0.0927613
0, 0, 0, 1

0.919532, 0.36828, 0.137226, 0.0742545
-0.339966, 0.92054, -0.19243, 0.0746545
-0.19719, 0.130293, 0.971668, 0.106156
0, 0, 0, 1

===

0.925057, -0.0883398, 0.369414, -0.00371135
0.122841, 0.989891, -0.0708915, -0.120543
-0.359417, 0.110958, 0.926557, 0.095233
0, 0, 0, 1

0.916894, 0.374968, 0.136766, 0.0757069
-0.34971, 0.919884, -0.177531, 0.079159
-0.192377, 0.114948, 0.974566, 0.100112
0, 0, 0, 1

===

0.92369, -0.0874884, 0.373018, -0.00294818
0.1196, 0.990771, -0.0637846, -0.115821
-0.363995, 0.10353, 0.925629, 0.0984752
0, 0, 0, 1

0.915791, 0.379441, 0.131722, 0.0767588
-0.361761, 0.921705, -0.139958, 0.0845594
-0.174515, 0.0805207, 0.981357, 0.0932273
0, 0, 0, 1

===

0.922106, -0.0874723, 0.37692, -0.00137634
0.116955, 0.991557, -0.0560086, -0.113081
-0.368838, 0.0957284, 0.924551, 0.102289
0, 0, 0, 1

0.914087, 0.383066, 0.133062, 0.077755
-0.366144, 0.92068, -0.135229, 0.0871595
-0.174309, 0.0748913, 0.981839, 0.0882877
0, 0, 0, 1

===

0.919638, -0.0879667, 0.38279, -0.00418436
0.115029, 0.992185, -0.0483452, -0.106062
-0.375546, 0.0884921, 0.92257, 0.104271
0, 0, 0, 1

0.912364, 0.3866, 0.134656, 0.0788292
-0.371681, 0.920126, -0.123373, 0.0910383
-0.171596, 0.0625117, 0.983182, 0.0808951
0, 0, 0, 1

===

0.918237, -0.0895114, 0.385783, -0.00501442
0.113437, 0.992753, -0.0396581, -0.100374
-0.379437, 0.0801776, 0.921737, 0.107012
0, 0, 0, 1

0.911422, 0.389077, 0.1339, 0.0791655
-0.375703, 0.919602, -0.114803, 0.0939638
-0.167802, 0.0543271, 0.984323, 0.0753932
0, 0, 0, 1

===

0.916941, -0.0894766, 0.388862, -0.00661103
0.110181, 0.993421, -0.0312241, -0.0940693
-0.383509, 0.071476, 0.920767, 0.109331
0, 0, 0, 1

0.910025, 0.391072, 0.13754, 0.0797128
-0.377159, 0.918747, -0.116854, 0.0961383
-0.172063, 0.0544657, 0.983579, 0.0704936
0, 0, 0, 1

===

0.916123, -0.0893911, 0.390804, -0.00658121
0.106703, 0.99403, -0.022763, -0.0879438
-0.386436, 0.0625537, 0.920193, 0.112143
0, 0, 0, 1

0.90791, 0.396683, 0.135432, 0.0807444
-0.385423, 0.917055, -0.102269, 0.09939
-0.164767, 0.0406523, 0.985494, 0.0626322
0, 0, 0, 1

===

0.914884, -0.0908765, 0.393356, -0.00570547
0.105463, 0.994301, -0.0155792, -0.0832536
-0.389699, 0.0557378, 0.919254, 0.115004
0, 0, 0, 1

0.907127, 0.39821, 0.136199, 0.0813273
-0.388071, 0.916674, -0.0954431, 0.10142
-0.162857, 0.0337241, 0.986073, 0.0569534
0, 0, 0, 1

===

0.913477, -0.0927736, 0.396173, -0.00694323
0.104888, 0.994444, -0.00897161, -0.077327
-0.393139, 0.0497489, 0.918132, 0.116722
0, 0, 0, 1

0.905521, 0.402176, 0.135229, 0.0815552
-0.39401, 0.915285, -0.0837228, 0.104351
-0.157444, 0.0225312, 0.987271, 0.0497884
0, 0, 0, 1

===

